0.000000000000000000e+00	0.000000000000000000e+00	0.000000000000000000e+00	0.000000000000000000e+00	0.000000000000000000e+00	0.000000000000000000e+00	0.000000000000000000e+00	0.000000000000000000e+00	0.000000000000000000e+00	0.000000000000000000e+00
-2.619847536087036133e+00	1.255902796983718872e-01	-6.331920623779296875e+00	0.000000000000000000e+00	-3.898049592971801758e+00	0.000000000000000000e+00	3.715544342994689941e-01	0.000000000000000000e+00	-1.045302748680114746e+00	3.549676239490509033e-01
0.000000000000000000e+00	0.000000000000000000e+00	0.000000000000000000e+00	0.000000000000000000e+00	0.000000000000000000e+00	0.000000000000000000e+00	0.000000000000000000e+00	0.000000000000000000e+00	0.000000000000000000e+00	0.000000000000000000e+00
0.000000000000000000e+00	0.000000000000000000e+00	0.000000000000000000e+00	0.000000000000000000e+00	0.000000000000000000e+00	0.000000000000000000e+00	0.000000000000000000e+00	0.000000000000000000e+00	0.000000000000000000e+00	0.000000000000000000e+00
5.379906296730041504e-02	-3.600855112075805664e+00	1.902935981750488281e+00	0.000000000000000000e+00	0.000000000000000000e+00	0.000000000000000000e+00	0.000000000000000000e+00	0.000000000000000000e+00	0.000000000000000000e+00	2.585859894752502441e-01
0.000000000000000000e+00	0.000000000000000000e+00	0.000000000000000000e+00	0.000000000000000000e+00	0.000000000000000000e+00	0.000000000000000000e+00	0.000000000000000000e+00	0.000000000000000000e+00	0.000000000000000000e+00	0.000000000000000000e+00
0.000000000000000000e+00	0.000000000000000000e+00	0.000000000000000000e+00	0.000000000000000000e+00	0.000000000000000000e+00	0.000000000000000000e+00	0.000000000000000000e+00	0.000000000000000000e+00	0.000000000000000000e+00	0.000000000000000000e+00
0.000000000000000000e+00	0.000000000000000000e+00	0.000000000000000000e+00	0.000000000000000000e+00	0.000000000000000000e+00	0.000000000000000000e+00	0.000000000000000000e+00	0.000000000000000000e+00	0.000000000000000000e+00	0.000000000000000000e+00
-3.321062326431274414e+00	0.000000000000000000e+00	3.636232376098632812e+00	0.000000000000000000e+00	6.522338390350341797e+00	0.000000000000000000e+00	0.000000000000000000e+00	0.000000000000000000e+00	-1.820643424987792969e+00	0.000000000000000000e+00
0.000000000000000000e+00	0.000000000000000000e+00	0.000000000000000000e+00	0.000000000000000000e+00	0.000000000000000000e+00	0.000000000000000000e+00	0.000000000000000000e+00	0.000000000000000000e+00	0.000000000000000000e+00	0.000000000000000000e+00
0.000000000000000000e+00	0.000000000000000000e+00	0.000000000000000000e+00	0.000000000000000000e+00	0.000000000000000000e+00	0.000000000000000000e+00	0.000000000000000000e+00	0.000000000000000000e+00	0.000000000000000000e+00	0.000000000000000000e+00
0.000000000000000000e+00	0.000000000000000000e+00	0.000000000000000000e+00	0.000000000000000000e+00	0.000000000000000000e+00	0.000000000000000000e+00	0.000000000000000000e+00	0.000000000000000000e+00	0.000000000000000000e+00	0.000000000000000000e+00
0.000000000000000000e+00	0.000000000000000000e+00	0.000000000000000000e+00	0.000000000000000000e+00	0.000000000000000000e+00	0.000000000000000000e+00	0.000000000000000000e+00	0.000000000000000000e+00	0.000000000000000000e+00	0.000000000000000000e+00
0.000000000000000000e+00	-1.067031174898147583e-02	0.000000000000000000e+00	5.675700306892395020e-01	0.000000000000000000e+00	-9.447504281997680664e-01	0.000000000000000000e+00	2.987618371844291687e-02	0.000000000000000000e+00	0.000000000000000000e+00
0.000000000000000000e+00	0.000000000000000000e+00	0.000000000000000000e+00	0.000000000000000000e+00	0.000000000000000000e+00	0.000000000000000000e+00	0.000000000000000000e+00	0.000000000000000000e+00	0.000000000000000000e+00	0.000000000000000000e+00
3.950813114643096924e-01	-1.101855635643005371e+00	1.718408584594726562e+00	0.000000000000000000e+00	1.378743290901184082e+00	0.000000000000000000e+00	0.000000000000000000e+00	0.000000000000000000e+00	5.359504818916320801e-01	1.913026928901672363e+00
0.000000000000000000e+00	0.000000000000000000e+00	0.000000000000000000e+00	0.000000000000000000e+00	0.000000000000000000e+00	0.000000000000000000e+00	0.000000000000000000e+00	0.000000000000000000e+00	0.000000000000000000e+00	0.000000000000000000e+00
-2.357958704233169556e-01	0.000000000000000000e+00	0.000000000000000000e+00	0.000000000000000000e+00	0.000000000000000000e+00	0.000000000000000000e+00	6.231204986572265625e+00	0.000000000000000000e+00	1.056635665893554688e+01	0.000000000000000000e+00
-9.918046951293945312e+00	0.000000000000000000e+00	-3.907025098800659180e+00	0.000000000000000000e+00	6.310778141021728516e+00	0.000000000000000000e+00	4.847780227661132812e+00	0.000000000000000000e+00	1.311674237251281738e+00	0.000000000000000000e+00
0.000000000000000000e+00	0.000000000000000000e+00	0.000000000000000000e+00	0.000000000000000000e+00	0.000000000000000000e+00	0.000000000000000000e+00	0.000000000000000000e+00	0.000000000000000000e+00	0.000000000000000000e+00	0.000000000000000000e+00
-8.959790468215942383e-01	0.000000000000000000e+00	3.534412384033203125e-01	0.000000000000000000e+00	1.146732330322265625e+00	0.000000000000000000e+00	-2.150271177291870117e+00	0.000000000000000000e+00	-4.181903362274169922e+00	0.000000000000000000e+00
0.000000000000000000e+00	3.876412808895111084e-01	0.000000000000000000e+00	-5.176498293876647949e-01	0.000000000000000000e+00	1.366779655218124390e-01	-2.670556306838989258e-01	0.000000000000000000e+00	5.153655409812927246e-01	2.109959363937377930e+00
