-8.731623695374540479e-35	1.097893834114074707e+00	-6.872014591247721139e-35	3.182742560758761024e-34	-1.380088180303573608e-01	6.026876626923469492e-34	-3.744694293242827022e-34	-3.667709687360099865e-35	-1.647163152694702148e+00	7.850765166875936175e-35	5.250706890625128850e-34	3.838628000899287937e-34	-1.079965575391932482e-34	1.730603724718093872e-02	0.000000000000000000e+00	-2.530549168586730957e-01	4.100406230641343861e-34	-1.229450464248657227e+00	-1.430140256881713867e+00	2.897442505385758812e-34	1.105766668915748596e-01	8.252459764480590820e-02
0.000000000000000000e+00	9.384807199239730835e-02	0.000000000000000000e+00	0.000000000000000000e+00	-3.292754590511322021e-01	-8.268503487145781464e-34	-3.943362940436370989e-34	0.000000000000000000e+00	3.960806131362915039e-02	0.000000000000000000e+00	0.000000000000000000e+00	0.000000000000000000e+00	0.000000000000000000e+00	-5.473613366484642029e-02	0.000000000000000000e+00	8.798131719231605530e-03	0.000000000000000000e+00	-2.232116647064685822e-02	1.193334162235260010e-01	0.000000000000000000e+00	-1.522925333119928837e-03	-2.818949818611145020e-01
1.816619530842821284e-34	1.393323112279176712e-02	-7.085882242644153048e-34	-5.381826397797143172e-34	2.297261208295822144e-01	4.357130523441085133e-34	-2.214856583503517138e-34	-1.140663787400075984e-34	7.216691970825195312e-02	0.000000000000000000e+00	0.000000000000000000e+00	0.000000000000000000e+00	8.267172561217711776e-35	-6.404598802328109741e-02	-6.705901397853444661e-35	5.710715055465698242e-01	0.000000000000000000e+00	-4.161918163299560547e-02	-1.142703816294670105e-01	0.000000000000000000e+00	7.277037017047405243e-03	1.189616173505783081e-01
0.000000000000000000e+00	-3.612745970717986829e-34	0.000000000000000000e+00	0.000000000000000000e+00	6.034254231507321716e-34	4.606507976548187108e-34	7.079380748693648060e-34	0.000000000000000000e+00	-2.900762358571870194e-34	0.000000000000000000e+00	0.000000000000000000e+00	0.000000000000000000e+00	0.000000000000000000e+00	-5.637141934085820859e-34	0.000000000000000000e+00	-9.031042999104353051e-34	0.000000000000000000e+00	2.742711173796563369e-34	4.370847532324723490e-34	0.000000000000000000e+00	5.274839881483006570e-34	7.106737624644152062e-34
0.000000000000000000e+00	-4.067103862762451172e-01	0.000000000000000000e+00	0.000000000000000000e+00	-4.874070286750793457e-01	-9.523776596218588110e-35	5.632690667587043025e-34	0.000000000000000000e+00	2.565954923629760742e-01	0.000000000000000000e+00	0.000000000000000000e+00	0.000000000000000000e+00	0.000000000000000000e+00	-4.566426575183868408e-02	0.000000000000000000e+00	-5.445975437760353088e-02	0.000000000000000000e+00	1.537317037582397461e-01	-1.260919868946075439e-01	0.000000000000000000e+00	-1.846049539744853973e-02	5.120332241058349609e-01
0.000000000000000000e+00	-1.348759531974792480e-01	-5.524766051679652543e-34	0.000000000000000000e+00	-2.831107703968882561e-03	5.263603808528076346e-34	5.927105166364985470e-34	0.000000000000000000e+00	3.352562487125396729e-01	0.000000000000000000e+00	0.000000000000000000e+00	0.000000000000000000e+00	0.000000000000000000e+00	-1.590662747621536255e-01	-1.571934182823171475e-34	4.584372639656066895e-01	0.000000000000000000e+00	-7.860990241169929504e-03	3.937874734401702881e-02	0.000000000000000000e+00	1.169821806252002716e-02	1.064900308847427368e-01
0.000000000000000000e+00	5.510599048864840029e-34	3.667088248037035758e-34	0.000000000000000000e+00	-1.772691628376828953e-34	1.098958372817729158e-33	-1.629398407834111315e-34	0.000000000000000000e+00	-9.436354369622839363e-34	0.000000000000000000e+00	0.000000000000000000e+00	0.000000000000000000e+00	0.000000000000000000e+00	7.588411128572969647e-34	0.000000000000000000e+00	-3.902653642521975855e-34	0.000000000000000000e+00	-5.234301489426961458e-33	-7.216819915533774547e-34	0.000000000000000000e+00	2.137122198191845082e-35	8.926263289762892978e-34
0.000000000000000000e+00	-1.354803157070765349e-35	0.000000000000000000e+00	0.000000000000000000e+00	8.181995368119915322e-34	1.855064165421960355e-34	-2.550285962809320434e-34	0.000000000000000000e+00	7.691571778117164335e-34	0.000000000000000000e+00	0.000000000000000000e+00	0.000000000000000000e+00	0.000000000000000000e+00	6.588241300998345531e-34	0.000000000000000000e+00	-2.382345931807721115e-34	0.000000000000000000e+00	8.425252903763048763e-34	-3.166774434275549907e-34	0.000000000000000000e+00	6.228298043114349247e-34	-9.071949284158007076e-34
0.000000000000000000e+00	0.000000000000000000e+00	0.000000000000000000e+00	0.000000000000000000e+00	0.000000000000000000e+00	0.000000000000000000e+00	0.000000000000000000e+00	0.000000000000000000e+00	0.000000000000000000e+00	0.000000000000000000e+00	0.000000000000000000e+00	0.000000000000000000e+00	0.000000000000000000e+00	0.000000000000000000e+00	0.000000000000000000e+00	0.000000000000000000e+00	0.000000000000000000e+00	0.000000000000000000e+00	0.000000000000000000e+00	0.000000000000000000e+00	0.000000000000000000e+00	0.000000000000000000e+00
0.000000000000000000e+00	3.082355704009387409e-09	0.000000000000000000e+00	0.000000000000000000e+00	-5.587489360081576706e-10	-9.910431241309467915e-34	8.089441718381968620e-34	0.000000000000000000e+00	-7.320948847144848060e-10	0.000000000000000000e+00	0.000000000000000000e+00	0.000000000000000000e+00	0.000000000000000000e+00	1.801258913474157453e-04	0.000000000000000000e+00	2.328834525542333722e-04	0.000000000000000000e+00	5.575782197064782508e-11	4.837413580816019021e-09	0.000000000000000000e+00	7.230427367943548234e-10	4.249705032322026454e-09
0.000000000000000000e+00	-6.099265217781066895e-01	0.000000000000000000e+00	0.000000000000000000e+00	1.747563779354095459e-01	0.000000000000000000e+00	0.000000000000000000e+00	0.000000000000000000e+00	2.231774181127548218e-01	0.000000000000000000e+00	0.000000000000000000e+00	0.000000000000000000e+00	0.000000000000000000e+00	-1.002166792750358582e-01	1.426289514401328472e-34	-7.537609338760375977e-01	0.000000000000000000e+00	2.171902656555175781e-01	-1.144649162888526917e-01	0.000000000000000000e+00	-1.923890225589275360e-02	-1.380056291818618774e-01
0.000000000000000000e+00	0.000000000000000000e+00	0.000000000000000000e+00	0.000000000000000000e+00	0.000000000000000000e+00	0.000000000000000000e+00	0.000000000000000000e+00	0.000000000000000000e+00	0.000000000000000000e+00	0.000000000000000000e+00	0.000000000000000000e+00	0.000000000000000000e+00	0.000000000000000000e+00	0.000000000000000000e+00	0.000000000000000000e+00	0.000000000000000000e+00	0.000000000000000000e+00	0.000000000000000000e+00	0.000000000000000000e+00	0.000000000000000000e+00	0.000000000000000000e+00	0.000000000000000000e+00
0.000000000000000000e+00	0.000000000000000000e+00	0.000000000000000000e+00	0.000000000000000000e+00	0.000000000000000000e+00	0.000000000000000000e+00	0.000000000000000000e+00	0.000000000000000000e+00	0.000000000000000000e+00	0.000000000000000000e+00	0.000000000000000000e+00	0.000000000000000000e+00	0.000000000000000000e+00	0.000000000000000000e+00	0.000000000000000000e+00	0.000000000000000000e+00	0.000000000000000000e+00	0.000000000000000000e+00	0.000000000000000000e+00	0.000000000000000000e+00	0.000000000000000000e+00	0.000000000000000000e+00
0.000000000000000000e+00	-1.290323276822107204e-18	0.000000000000000000e+00	0.000000000000000000e+00	-2.800220199680343637e-18	1.140019400682409399e-33	0.000000000000000000e+00	0.000000000000000000e+00	7.763126237961963924e-19	0.000000000000000000e+00	0.000000000000000000e+00	0.000000000000000000e+00	0.000000000000000000e+00	-1.402794921313365808e-20	0.000000000000000000e+00	-1.764818167817864486e-18	0.000000000000000000e+00	5.588300386498129333e-19	-7.393078202142358617e-19	0.000000000000000000e+00	-8.127653217115948792e-09	1.473742202452038992e-19
0.000000000000000000e+00	0.000000000000000000e+00	0.000000000000000000e+00	0.000000000000000000e+00	0.000000000000000000e+00	0.000000000000000000e+00	0.000000000000000000e+00	0.000000000000000000e+00	0.000000000000000000e+00	0.000000000000000000e+00	0.000000000000000000e+00	0.000000000000000000e+00	0.000000000000000000e+00	0.000000000000000000e+00	0.000000000000000000e+00	0.000000000000000000e+00	0.000000000000000000e+00	0.000000000000000000e+00	0.000000000000000000e+00	0.000000000000000000e+00	0.000000000000000000e+00	0.000000000000000000e+00
-3.147226789740840688e-34	2.405490726232528687e-01	-3.670565139921577306e-34	0.000000000000000000e+00	-1.592668890953063965e-01	-6.067432100381799991e-34	-5.021249474989656748e-34	-2.622952348868328646e-35	-6.274557709693908691e-01	0.000000000000000000e+00	2.844041082724848502e-34	2.646718514316240290e-34	0.000000000000000000e+00	-1.412045583128929138e-02	0.000000000000000000e+00	1.120865158736705780e-02	6.795688503269631879e-34	3.157523393630981445e+00	1.201486229896545410e+00	3.595857882152013035e-34	-1.203975558280944824e+00	4.716392606496810913e-02
0.000000000000000000e+00	-1.464714613973964324e-14	-9.630228285561974610e-35	0.000000000000000000e+00	-8.658493606610809940e-16	-7.357632659325264842e-35	2.240394887041352520e-34	0.000000000000000000e+00	3.281404621223622808e-14	0.000000000000000000e+00	0.000000000000000000e+00	0.000000000000000000e+00	0.000000000000000000e+00	2.624893575067788198e-13	-8.642525470973908393e-35	-3.167097863804833879e-14	0.000000000000000000e+00	4.026547297626345556e-14	2.049387745552307127e-14	0.000000000000000000e+00	-4.574204072970138729e-15	5.195280986555576852e-14
0.000000000000000000e+00	-1.950767636299133301e-01	3.768143798420548893e-34	0.000000000000000000e+00	1.744755059480667114e-01	-1.075709114939379787e-33	1.049195013337117671e-33	0.000000000000000000e+00	2.128574699163436890e-01	0.000000000000000000e+00	5.157887836303285552e-35	0.000000000000000000e+00	0.000000000000000000e+00	1.612494885921478271e-01	0.000000000000000000e+00	3.599892184138298035e-02	0.000000000000000000e+00	9.686527401208877563e-02	1.879427433013916016e-01	0.000000000000000000e+00	2.487309463322162628e-02	-4.094100892543792725e-01
0.000000000000000000e+00	-1.597890175730753981e-08	-9.245343884453910282e-34	0.000000000000000000e+00	1.035314818901775236e-13	9.494787459118246011e-34	7.026784723334043333e-34	0.000000000000000000e+00	-5.023345021198943883e-12	0.000000000000000000e+00	0.000000000000000000e+00	0.000000000000000000e+00	0.000000000000000000e+00	7.603090114278862962e-34	0.000000000000000000e+00	9.057389684597119149e-34	0.000000000000000000e+00	1.244963059434667230e-04	7.202087459745598608e-08	0.000000000000000000e+00	-6.439820898762604884e-11	3.125095972791314125e-04
0.000000000000000000e+00	-8.608057034822983395e-29	-3.156213811394861708e-34	1.833253235084437442e-34	-1.218500328864635258e-30	0.000000000000000000e+00	-1.141519166170165553e-33	0.000000000000000000e+00	1.247751751587672395e-28	0.000000000000000000e+00	0.000000000000000000e+00	0.000000000000000000e+00	0.000000000000000000e+00	6.218176826105181684e-28	1.368557818507828482e-34	-1.868801565929363373e-28	0.000000000000000000e+00	-1.596477719946681756e-28	1.834945402695737105e-29	0.000000000000000000e+00	-2.705331223389214415e-29	-8.677185882764332742e-28
0.000000000000000000e+00	-4.180911183357238770e-01	0.000000000000000000e+00	0.000000000000000000e+00	3.209332823753356934e-01	5.530159550369011367e-34	1.610067265481594560e-34	0.000000000000000000e+00	3.497516512870788574e-01	0.000000000000000000e+00	0.000000000000000000e+00	0.000000000000000000e+00	0.000000000000000000e+00	6.645371764898300171e-02	0.000000000000000000e+00	-9.145575016736984253e-02	0.000000000000000000e+00	1.533727794885635376e-01	2.018592804670333862e-01	0.000000000000000000e+00	-1.015577185899019241e-02	8.157396316528320312e-02
0.000000000000000000e+00	-6.341622310689341138e-33	0.000000000000000000e+00	0.000000000000000000e+00	9.919291529978790907e-34	4.114710068345431782e-34	9.781307778646447532e-34	0.000000000000000000e+00	7.079596929451603971e-33	0.000000000000000000e+00	0.000000000000000000e+00	0.000000000000000000e+00	0.000000000000000000e+00	-5.217781385694092735e-33	0.000000000000000000e+00	1.058991105712290593e-33	0.000000000000000000e+00	8.981046469298996423e-33	6.513855008287853439e-34	0.000000000000000000e+00	-1.830097767436448864e-34	4.366473095402031432e-32
0.000000000000000000e+00	3.630507894314405348e-09	0.000000000000000000e+00	0.000000000000000000e+00	8.624233487353194505e-07	-1.037929553023416889e-33	7.412097077854203900e-34	0.000000000000000000e+00	-5.864668473076761757e-11	0.000000000000000000e+00	0.000000000000000000e+00	0.000000000000000000e+00	0.000000000000000000e+00	3.592473876778967679e-05	0.000000000000000000e+00	1.388709008898203479e-10	0.000000000000000000e+00	4.012281351606361568e-08	-4.318268111092038453e-06	0.000000000000000000e+00	4.595786251559985658e-11	3.836804762791246048e-10
0.000000000000000000e+00	0.000000000000000000e+00	0.000000000000000000e+00	0.000000000000000000e+00	0.000000000000000000e+00	0.000000000000000000e+00	0.000000000000000000e+00	0.000000000000000000e+00	0.000000000000000000e+00	0.000000000000000000e+00	0.000000000000000000e+00	0.000000000000000000e+00	0.000000000000000000e+00	0.000000000000000000e+00	0.000000000000000000e+00	0.000000000000000000e+00	0.000000000000000000e+00	0.000000000000000000e+00	0.000000000000000000e+00	0.000000000000000000e+00	0.000000000000000000e+00	0.000000000000000000e+00
0.000000000000000000e+00	-6.993410352151840925e-06	0.000000000000000000e+00	0.000000000000000000e+00	1.821928081698233966e-34	-5.339416765671382830e-35	4.732134343517511186e-34	0.000000000000000000e+00	-2.373519695740373506e-32	0.000000000000000000e+00	0.000000000000000000e+00	0.000000000000000000e+00	0.000000000000000000e+00	2.719366590673202003e-34	0.000000000000000000e+00	-4.079794120870667365e-33	0.000000000000000000e+00	2.792845066323934589e-07	9.430745347217621822e-25	0.000000000000000000e+00	-3.797883977251469145e-16	1.022461149392549481e-32
0.000000000000000000e+00	0.000000000000000000e+00	0.000000000000000000e+00	0.000000000000000000e+00	0.000000000000000000e+00	0.000000000000000000e+00	0.000000000000000000e+00	0.000000000000000000e+00	0.000000000000000000e+00	0.000000000000000000e+00	0.000000000000000000e+00	0.000000000000000000e+00	0.000000000000000000e+00	0.000000000000000000e+00	0.000000000000000000e+00	0.000000000000000000e+00	0.000000000000000000e+00	0.000000000000000000e+00	0.000000000000000000e+00	0.000000000000000000e+00	0.000000000000000000e+00	0.000000000000000000e+00
0.000000000000000000e+00	0.000000000000000000e+00	0.000000000000000000e+00	0.000000000000000000e+00	0.000000000000000000e+00	0.000000000000000000e+00	0.000000000000000000e+00	0.000000000000000000e+00	0.000000000000000000e+00	0.000000000000000000e+00	0.000000000000000000e+00	0.000000000000000000e+00	0.000000000000000000e+00	0.000000000000000000e+00	0.000000000000000000e+00	0.000000000000000000e+00	0.000000000000000000e+00	0.000000000000000000e+00	0.000000000000000000e+00	0.000000000000000000e+00	0.000000000000000000e+00	0.000000000000000000e+00
0.000000000000000000e+00	0.000000000000000000e+00	0.000000000000000000e+00	0.000000000000000000e+00	0.000000000000000000e+00	0.000000000000000000e+00	0.000000000000000000e+00	0.000000000000000000e+00	0.000000000000000000e+00	0.000000000000000000e+00	0.000000000000000000e+00	0.000000000000000000e+00	0.000000000000000000e+00	0.000000000000000000e+00	0.000000000000000000e+00	0.000000000000000000e+00	0.000000000000000000e+00	0.000000000000000000e+00	0.000000000000000000e+00	0.000000000000000000e+00	0.000000000000000000e+00	0.000000000000000000e+00
0.000000000000000000e+00	-1.512505826138152597e-34	-4.001034254491147100e-34	0.000000000000000000e+00	-5.236845700012522446e-34	0.000000000000000000e+00	5.209296887875048243e-34	-5.328083806268005925e-34	4.562049494503141983e-34	0.000000000000000000e+00	0.000000000000000000e+00	0.000000000000000000e+00	0.000000000000000000e+00	-6.543172572081330554e-34	0.000000000000000000e+00	-6.216153717102416489e-34	0.000000000000000000e+00	2.440962692295443746e-34	1.891196841385321997e-34	0.000000000000000000e+00	-1.374108815073098261e-34	-8.425875548426999944e-34
0.000000000000000000e+00	0.000000000000000000e+00	0.000000000000000000e+00	0.000000000000000000e+00	0.000000000000000000e+00	0.000000000000000000e+00	0.000000000000000000e+00	0.000000000000000000e+00	0.000000000000000000e+00	0.000000000000000000e+00	0.000000000000000000e+00	0.000000000000000000e+00	0.000000000000000000e+00	0.000000000000000000e+00	0.000000000000000000e+00	0.000000000000000000e+00	0.000000000000000000e+00	0.000000000000000000e+00	0.000000000000000000e+00	0.000000000000000000e+00	0.000000000000000000e+00	0.000000000000000000e+00
0.000000000000000000e+00	-8.121129125356674194e-02	4.408354526488089471e-34	0.000000000000000000e+00	-2.430932223796844482e-02	-2.023967321189516606e-34	-6.860595995244176907e-34	-6.069594481933210092e-35	1.845602840185165405e-01	0.000000000000000000e+00	0.000000000000000000e+00	0.000000000000000000e+00	0.000000000000000000e+00	-3.589251637458801270e-01	1.617176825211035647e-34	4.999102950096130371e-01	0.000000000000000000e+00	9.921421855688095093e-02	1.035593450069427490e-02	0.000000000000000000e+00	-1.120983809232711792e-02	-2.314971759915351868e-02
0.000000000000000000e+00	-2.125076763331890106e-02	0.000000000000000000e+00	-1.077423109680798496e-34	-1.811609975993633270e-02	-6.629185697782905123e-34	5.280954288817205625e-34	5.582047294464497586e-35	3.037912538275122643e-03	0.000000000000000000e+00	-7.965170384158455702e-35	-2.465720508910306399e-35	1.446921047379442383e-34	1.092644184827804565e-01	-4.396127892912725113e-35	6.553110666573047638e-03	-1.512285191358633023e-34	1.238316530361771584e-03	1.626903563737869263e-02	-1.137755472031122599e-34	3.307960578240454197e-04	4.576015844941139221e-02
0.000000000000000000e+00	-1.330849975347518921e-01	0.000000000000000000e+00	0.000000000000000000e+00	4.304139316082000732e-01	2.901801018033417075e-34	-1.869425400311147020e-34	0.000000000000000000e+00	2.646222412586212158e-01	0.000000000000000000e+00	0.000000000000000000e+00	0.000000000000000000e+00	0.000000000000000000e+00	8.916325122117996216e-02	0.000000000000000000e+00	1.909471750259399414e-01	0.000000000000000000e+00	6.459239125251770020e-02	4.627774357795715332e-01	0.000000000000000000e+00	2.582787908613681793e-02	-3.067549467086791992e-01
1.124094597594510814e-34	2.826081867002630715e-26	1.223520756687440789e-34	0.000000000000000000e+00	1.739297163866006334e-26	-2.082518419297486273e-34	-9.777386632549241702e-35	0.000000000000000000e+00	2.842737886940674846e-27	0.000000000000000000e+00	-2.557463366011548237e-34	0.000000000000000000e+00	-2.656775075117391315e-35	-1.524176910934399444e-21	3.931262925051334462e-35	3.797783242609978020e-27	-1.676718139556328855e-34	-2.102222252962654752e-27	6.911567843238962698e-27	0.000000000000000000e+00	1.047790829034056515e-05	-1.987001303294376626e-28
0.000000000000000000e+00	3.348301723599433899e-02	-1.234244272779439226e-34	1.359709468453006029e-34	3.409534320235252380e-02	1.981414884867230588e-34	0.000000000000000000e+00	0.000000000000000000e+00	1.290164515376091003e-02	0.000000000000000000e+00	0.000000000000000000e+00	0.000000000000000000e+00	0.000000000000000000e+00	-3.131792321801185608e-02	1.387077938634899977e-34	1.647827960550785065e-02	0.000000000000000000e+00	6.168170948512852192e-04	-2.557732909917831421e-02	0.000000000000000000e+00	6.738495721947401762e-05	-3.348322585225105286e-02
0.000000000000000000e+00	-5.238496065139770508e-01	0.000000000000000000e+00	0.000000000000000000e+00	-7.476496696472167969e-02	-2.496148019469223035e-34	5.581739875141108711e-34	0.000000000000000000e+00	5.736427381634712219e-02	0.000000000000000000e+00	0.000000000000000000e+00	0.000000000000000000e+00	0.000000000000000000e+00	9.511623531579971313e-03	0.000000000000000000e+00	8.057120442390441895e-02	0.000000000000000000e+00	-4.319369196891784668e-01	-2.127800703048706055e+00	0.000000000000000000e+00	1.327855736017227173e-01	-2.214795164763927460e-02
0.000000000000000000e+00	-5.809784401668190117e-34	0.000000000000000000e+00	0.000000000000000000e+00	4.936438935110271074e-34	1.338171289539072350e-34	5.633297241039166557e-35	0.000000000000000000e+00	-2.550519224969561731e-34	0.000000000000000000e+00	0.000000000000000000e+00	0.000000000000000000e+00	0.000000000000000000e+00	4.717083883229658796e-34	0.000000000000000000e+00	9.213717576287021269e-34	0.000000000000000000e+00	5.833390715955601758e-35	3.029739343618518581e-34	0.000000000000000000e+00	-3.014834442592076607e-34	-3.903789188431969417e-35
0.000000000000000000e+00	4.408333705039770925e-20	0.000000000000000000e+00	0.000000000000000000e+00	5.246514204152619975e-20	2.278966713782670408e-34	6.235604475188679027e-34	0.000000000000000000e+00	1.052744687660568859e-20	0.000000000000000000e+00	0.000000000000000000e+00	0.000000000000000000e+00	0.000000000000000000e+00	1.901895427309332355e-22	0.000000000000000000e+00	-4.047168958920002918e-21	0.000000000000000000e+00	5.181790552394613345e-21	2.536670323558445245e-19	0.000000000000000000e+00	3.945575637043230444e-12	2.601627419579363691e-21
0.000000000000000000e+00	0.000000000000000000e+00	0.000000000000000000e+00	0.000000000000000000e+00	0.000000000000000000e+00	0.000000000000000000e+00	0.000000000000000000e+00	0.000000000000000000e+00	0.000000000000000000e+00	0.000000000000000000e+00	0.000000000000000000e+00	0.000000000000000000e+00	0.000000000000000000e+00	0.000000000000000000e+00	0.000000000000000000e+00	0.000000000000000000e+00	0.000000000000000000e+00	0.000000000000000000e+00	0.000000000000000000e+00	0.000000000000000000e+00	0.000000000000000000e+00	0.000000000000000000e+00
0.000000000000000000e+00	0.000000000000000000e+00	0.000000000000000000e+00	0.000000000000000000e+00	0.000000000000000000e+00	0.000000000000000000e+00	0.000000000000000000e+00	0.000000000000000000e+00	0.000000000000000000e+00	0.000000000000000000e+00	0.000000000000000000e+00	0.000000000000000000e+00	0.000000000000000000e+00	0.000000000000000000e+00	0.000000000000000000e+00	0.000000000000000000e+00	0.000000000000000000e+00	0.000000000000000000e+00	0.000000000000000000e+00	0.000000000000000000e+00	0.000000000000000000e+00	0.000000000000000000e+00
0.000000000000000000e+00	0.000000000000000000e+00	0.000000000000000000e+00	0.000000000000000000e+00	0.000000000000000000e+00	0.000000000000000000e+00	0.000000000000000000e+00	0.000000000000000000e+00	0.000000000000000000e+00	0.000000000000000000e+00	0.000000000000000000e+00	0.000000000000000000e+00	0.000000000000000000e+00	0.000000000000000000e+00	0.000000000000000000e+00	0.000000000000000000e+00	0.000000000000000000e+00	0.000000000000000000e+00	0.000000000000000000e+00	0.000000000000000000e+00	0.000000000000000000e+00	0.000000000000000000e+00
0.000000000000000000e+00	0.000000000000000000e+00	0.000000000000000000e+00	0.000000000000000000e+00	0.000000000000000000e+00	0.000000000000000000e+00	0.000000000000000000e+00	0.000000000000000000e+00	0.000000000000000000e+00	0.000000000000000000e+00	0.000000000000000000e+00	0.000000000000000000e+00	0.000000000000000000e+00	0.000000000000000000e+00	0.000000000000000000e+00	0.000000000000000000e+00	0.000000000000000000e+00	0.000000000000000000e+00	0.000000000000000000e+00	0.000000000000000000e+00	0.000000000000000000e+00	0.000000000000000000e+00
0.000000000000000000e+00	-3.713290393352508545e-02	0.000000000000000000e+00	0.000000000000000000e+00	4.770850762724876404e-02	-5.132357109193883206e-34	3.007472450042571242e-34	0.000000000000000000e+00	7.537328451871871948e-02	0.000000000000000000e+00	0.000000000000000000e+00	0.000000000000000000e+00	0.000000000000000000e+00	-4.746042191982269287e-02	0.000000000000000000e+00	-4.571359604597091675e-02	0.000000000000000000e+00	-2.255982346832752228e-02	1.012473180890083313e-01	0.000000000000000000e+00	4.274047911167144775e-03	-1.546476185321807861e-01
0.000000000000000000e+00	-1.152748535133876245e-33	-6.922855869864487049e-34	0.000000000000000000e+00	8.896868584152643151e-34	-2.780345360122108168e-34	-2.132276268648328281e-34	0.000000000000000000e+00	1.959108272439194918e-34	1.117074118296342979e-34	0.000000000000000000e+00	0.000000000000000000e+00	0.000000000000000000e+00	-8.023085062278050490e-34	0.000000000000000000e+00	5.994280995094632881e-34	0.000000000000000000e+00	-1.030541203686514180e-33	8.877289256371759424e-34	0.000000000000000000e+00	-6.118771356976482608e-34	-1.030100393304955822e-33
0.000000000000000000e+00	-1.079618092833344683e-33	0.000000000000000000e+00	0.000000000000000000e+00	-6.473770650924813435e-34	-7.367527474858807605e-34	1.000860522341228368e-33	0.000000000000000000e+00	6.260712299838273825e-34	0.000000000000000000e+00	0.000000000000000000e+00	0.000000000000000000e+00	0.000000000000000000e+00	8.013171420467795338e-34	0.000000000000000000e+00	1.881060957674364507e-34	0.000000000000000000e+00	-6.694464218526263721e-07	6.025542234056047164e-07	0.000000000000000000e+00	-4.968282729667095055e-13	-1.805592383641650489e-34
-2.852084724244586557e-34	-6.950803995132446289e-01	-2.170978272205450123e-34	0.000000000000000000e+00	-1.270962059497833252e-01	3.651679399725426808e-34	2.260745632989963372e-34	0.000000000000000000e+00	1.080376505851745605e+00	0.000000000000000000e+00	0.000000000000000000e+00	0.000000000000000000e+00	0.000000000000000000e+00	7.858854718506336212e-03	0.000000000000000000e+00	1.147889271378517151e-01	4.694282047888591158e-34	1.511662751436233521e-01	8.773590922355651855e-01	0.000000000000000000e+00	1.248019412159919739e-01	7.703261822462081909e-02
0.000000000000000000e+00	2.165527194738388062e-01	0.000000000000000000e+00	0.000000000000000000e+00	-7.937383651733398438e-02	3.940283696250193544e-34	-2.769728258411282804e-34	0.000000000000000000e+00	-1.066491752862930298e-01	0.000000000000000000e+00	0.000000000000000000e+00	0.000000000000000000e+00	0.000000000000000000e+00	3.347401916980743408e-01	0.000000000000000000e+00	1.501259058713912964e-01	0.000000000000000000e+00	-2.041477337479591370e-02	1.910171806812286377e-01	0.000000000000000000e+00	-1.791634969413280487e-02	3.297479152679443359e-01
0.000000000000000000e+00	3.481809699223958887e-06	0.000000000000000000e+00	0.000000000000000000e+00	6.961275857975124381e-07	3.841334852148544728e-34	0.000000000000000000e+00	0.000000000000000000e+00	-6.482207481894874945e-07	0.000000000000000000e+00	0.000000000000000000e+00	0.000000000000000000e+00	0.000000000000000000e+00	-6.707388092763721943e-05	0.000000000000000000e+00	2.290819793415721506e-05	0.000000000000000000e+00	-6.532727070407418068e-08	2.025580670306226239e-06	0.000000000000000000e+00	3.029488198080798611e-07	1.109328536585962866e-06
0.000000000000000000e+00	4.306615827842641409e-13	0.000000000000000000e+00	0.000000000000000000e+00	-5.552047536994120236e-14	-8.508544025358500472e-34	0.000000000000000000e+00	0.000000000000000000e+00	4.514350522631487006e-14	0.000000000000000000e+00	0.000000000000000000e+00	0.000000000000000000e+00	0.000000000000000000e+00	-9.638741119545688601e-15	0.000000000000000000e+00	-4.447260092198083992e-14	0.000000000000000000e+00	1.041261043610575143e-06	-5.291280109377682894e-13	0.000000000000000000e+00	-1.000099864576810271e-13	1.860800095010873428e-14
0.000000000000000000e+00	0.000000000000000000e+00	0.000000000000000000e+00	0.000000000000000000e+00	0.000000000000000000e+00	0.000000000000000000e+00	0.000000000000000000e+00	0.000000000000000000e+00	0.000000000000000000e+00	0.000000000000000000e+00	0.000000000000000000e+00	0.000000000000000000e+00	0.000000000000000000e+00	0.000000000000000000e+00	0.000000000000000000e+00	0.000000000000000000e+00	0.000000000000000000e+00	0.000000000000000000e+00	0.000000000000000000e+00	0.000000000000000000e+00	0.000000000000000000e+00	0.000000000000000000e+00
0.000000000000000000e+00	0.000000000000000000e+00	0.000000000000000000e+00	0.000000000000000000e+00	0.000000000000000000e+00	0.000000000000000000e+00	0.000000000000000000e+00	0.000000000000000000e+00	0.000000000000000000e+00	0.000000000000000000e+00	0.000000000000000000e+00	0.000000000000000000e+00	0.000000000000000000e+00	0.000000000000000000e+00	0.000000000000000000e+00	0.000000000000000000e+00	0.000000000000000000e+00	0.000000000000000000e+00	0.000000000000000000e+00	0.000000000000000000e+00	0.000000000000000000e+00	0.000000000000000000e+00
0.000000000000000000e+00	0.000000000000000000e+00	0.000000000000000000e+00	0.000000000000000000e+00	0.000000000000000000e+00	0.000000000000000000e+00	0.000000000000000000e+00	0.000000000000000000e+00	0.000000000000000000e+00	0.000000000000000000e+00	0.000000000000000000e+00	0.000000000000000000e+00	0.000000000000000000e+00	0.000000000000000000e+00	0.000000000000000000e+00	0.000000000000000000e+00	0.000000000000000000e+00	0.000000000000000000e+00	0.000000000000000000e+00	0.000000000000000000e+00	0.000000000000000000e+00	0.000000000000000000e+00
0.000000000000000000e+00	-5.515927159471800678e-10	0.000000000000000000e+00	0.000000000000000000e+00	1.212867806188455688e-09	0.000000000000000000e+00	1.093573644418253423e-34	0.000000000000000000e+00	-6.288640441720616536e-11	0.000000000000000000e+00	0.000000000000000000e+00	0.000000000000000000e+00	0.000000000000000000e+00	1.038074465796456902e-12	0.000000000000000000e+00	-3.063642048384274119e-11	0.000000000000000000e+00	-5.424868887438094589e-11	-6.171332334048429402e-10	0.000000000000000000e+00	5.113867662664972613e-10	1.894254891832147791e-11
0.000000000000000000e+00	0.000000000000000000e+00	0.000000000000000000e+00	0.000000000000000000e+00	0.000000000000000000e+00	0.000000000000000000e+00	0.000000000000000000e+00	0.000000000000000000e+00	0.000000000000000000e+00	0.000000000000000000e+00	0.000000000000000000e+00	0.000000000000000000e+00	0.000000000000000000e+00	0.000000000000000000e+00	0.000000000000000000e+00	0.000000000000000000e+00	0.000000000000000000e+00	0.000000000000000000e+00	0.000000000000000000e+00	0.000000000000000000e+00	0.000000000000000000e+00	0.000000000000000000e+00
0.000000000000000000e+00	0.000000000000000000e+00	0.000000000000000000e+00	0.000000000000000000e+00	0.000000000000000000e+00	0.000000000000000000e+00	0.000000000000000000e+00	0.000000000000000000e+00	0.000000000000000000e+00	0.000000000000000000e+00	0.000000000000000000e+00	0.000000000000000000e+00	0.000000000000000000e+00	0.000000000000000000e+00	0.000000000000000000e+00	0.000000000000000000e+00	0.000000000000000000e+00	0.000000000000000000e+00	0.000000000000000000e+00	0.000000000000000000e+00	0.000000000000000000e+00	0.000000000000000000e+00
0.000000000000000000e+00	0.000000000000000000e+00	0.000000000000000000e+00	0.000000000000000000e+00	0.000000000000000000e+00	0.000000000000000000e+00	0.000000000000000000e+00	0.000000000000000000e+00	0.000000000000000000e+00	0.000000000000000000e+00	0.000000000000000000e+00	0.000000000000000000e+00	0.000000000000000000e+00	0.000000000000000000e+00	0.000000000000000000e+00	0.000000000000000000e+00	0.000000000000000000e+00	0.000000000000000000e+00	0.000000000000000000e+00	0.000000000000000000e+00	0.000000000000000000e+00	0.000000000000000000e+00
0.000000000000000000e+00	0.000000000000000000e+00	0.000000000000000000e+00	0.000000000000000000e+00	0.000000000000000000e+00	0.000000000000000000e+00	0.000000000000000000e+00	0.000000000000000000e+00	0.000000000000000000e+00	0.000000000000000000e+00	0.000000000000000000e+00	0.000000000000000000e+00	0.000000000000000000e+00	0.000000000000000000e+00	0.000000000000000000e+00	0.000000000000000000e+00	0.000000000000000000e+00	0.000000000000000000e+00	0.000000000000000000e+00	0.000000000000000000e+00	0.000000000000000000e+00	0.000000000000000000e+00
0.000000000000000000e+00	0.000000000000000000e+00	0.000000000000000000e+00	0.000000000000000000e+00	0.000000000000000000e+00	0.000000000000000000e+00	0.000000000000000000e+00	0.000000000000000000e+00	0.000000000000000000e+00	0.000000000000000000e+00	0.000000000000000000e+00	0.000000000000000000e+00	0.000000000000000000e+00	0.000000000000000000e+00	0.000000000000000000e+00	0.000000000000000000e+00	0.000000000000000000e+00	0.000000000000000000e+00	0.000000000000000000e+00	0.000000000000000000e+00	0.000000000000000000e+00	0.000000000000000000e+00
0.000000000000000000e+00	0.000000000000000000e+00	0.000000000000000000e+00	0.000000000000000000e+00	0.000000000000000000e+00	0.000000000000000000e+00	0.000000000000000000e+00	0.000000000000000000e+00	0.000000000000000000e+00	0.000000000000000000e+00	0.000000000000000000e+00	0.000000000000000000e+00	0.000000000000000000e+00	0.000000000000000000e+00	0.000000000000000000e+00	0.000000000000000000e+00	0.000000000000000000e+00	0.000000000000000000e+00	0.000000000000000000e+00	0.000000000000000000e+00	0.000000000000000000e+00	0.000000000000000000e+00
0.000000000000000000e+00	0.000000000000000000e+00	0.000000000000000000e+00	0.000000000000000000e+00	0.000000000000000000e+00	0.000000000000000000e+00	0.000000000000000000e+00	0.000000000000000000e+00	0.000000000000000000e+00	0.000000000000000000e+00	0.000000000000000000e+00	0.000000000000000000e+00	0.000000000000000000e+00	0.000000000000000000e+00	0.000000000000000000e+00	0.000000000000000000e+00	0.000000000000000000e+00	0.000000000000000000e+00	0.000000000000000000e+00	0.000000000000000000e+00	0.000000000000000000e+00	0.000000000000000000e+00
0.000000000000000000e+00	-5.798304677009582520e-01	-1.847955753636221243e-34	0.000000000000000000e+00	1.151152729988098145e+00	9.575558614699122442e-34	7.321418249770322588e-34	0.000000000000000000e+00	2.891150712966918945e-01	0.000000000000000000e+00	0.000000000000000000e+00	0.000000000000000000e+00	0.000000000000000000e+00	-1.029137820005416870e-01	0.000000000000000000e+00	2.830219268798828125e-01	0.000000000000000000e+00	1.049625501036643982e-01	-2.072604745626449585e-01	0.000000000000000000e+00	-1.352631114423274994e-02	5.731141567230224609e-01
2.224231839717546066e-34	2.846888303756713867e-01	-3.322148155160370498e-34	0.000000000000000000e+00	1.324108541011810303e-01	6.322322897500746969e-34	-3.287537652545827560e-34	0.000000000000000000e+00	-9.883542358875274658e-02	0.000000000000000000e+00	0.000000000000000000e+00	0.000000000000000000e+00	0.000000000000000000e+00	2.226462513208389282e-01	0.000000000000000000e+00	-8.727840185165405273e-01	-1.769012124428888837e-34	6.176408496685326099e-04	8.183882236480712891e-01	0.000000000000000000e+00	1.891234703361988068e-02	-3.436675667762756348e-01
0.000000000000000000e+00	0.000000000000000000e+00	0.000000000000000000e+00	0.000000000000000000e+00	0.000000000000000000e+00	0.000000000000000000e+00	0.000000000000000000e+00	0.000000000000000000e+00	0.000000000000000000e+00	0.000000000000000000e+00	0.000000000000000000e+00	0.000000000000000000e+00	0.000000000000000000e+00	0.000000000000000000e+00	0.000000000000000000e+00	0.000000000000000000e+00	0.000000000000000000e+00	0.000000000000000000e+00	0.000000000000000000e+00	0.000000000000000000e+00	0.000000000000000000e+00	0.000000000000000000e+00
0.000000000000000000e+00	-1.972903124988079071e-02	0.000000000000000000e+00	0.000000000000000000e+00	2.105673402547836304e-02	-9.483669853953359595e-34	-1.129102088734643562e-33	0.000000000000000000e+00	2.927039749920368195e-03	0.000000000000000000e+00	0.000000000000000000e+00	0.000000000000000000e+00	0.000000000000000000e+00	-4.074804857373237610e-02	0.000000000000000000e+00	-1.146438196301460266e-01	0.000000000000000000e+00	-3.612934611737728119e-03	4.469674080610275269e-03	0.000000000000000000e+00	-1.407481962814927101e-03	-4.115554317831993103e-02
0.000000000000000000e+00	-3.082644343376159668e-01	5.312533301703573273e-34	0.000000000000000000e+00	8.247482031583786011e-02	-1.059537159572446009e-33	-3.919156481181566876e-34	0.000000000000000000e+00	1.513824909925460815e-01	0.000000000000000000e+00	0.000000000000000000e+00	0.000000000000000000e+00	0.000000000000000000e+00	-4.865092039108276367e-02	0.000000000000000000e+00	-4.277865588665008545e-01	0.000000000000000000e+00	6.370685249567031860e-02	-5.438171327114105225e-02	0.000000000000000000e+00	2.119450643658638000e-02	-3.475682735443115234e-01
0.000000000000000000e+00	0.000000000000000000e+00	0.000000000000000000e+00	0.000000000000000000e+00	0.000000000000000000e+00	0.000000000000000000e+00	0.000000000000000000e+00	0.000000000000000000e+00	0.000000000000000000e+00	0.000000000000000000e+00	0.000000000000000000e+00	0.000000000000000000e+00	0.000000000000000000e+00	0.000000000000000000e+00	0.000000000000000000e+00	0.000000000000000000e+00	0.000000000000000000e+00	0.000000000000000000e+00	0.000000000000000000e+00	0.000000000000000000e+00	0.000000000000000000e+00	0.000000000000000000e+00
0.000000000000000000e+00	-3.128216690129193012e-07	2.285065049905041815e-34	0.000000000000000000e+00	-5.917693488299846649e-03	3.910647004107567410e-34	0.000000000000000000e+00	1.373551144022678859e-34	-1.603785221959697083e-06	0.000000000000000000e+00	0.000000000000000000e+00	0.000000000000000000e+00	-1.767159687677011957e-34	-2.124081402143929154e-05	2.404202779893323023e-34	3.601423813961446285e-04	-7.337130384807993304e-35	-5.585339977187686600e-07	1.509771891505806707e-06	0.000000000000000000e+00	-7.429328263697243528e-08	3.957514422836538870e-07
1.009713027952251970e-34	1.139526162296533585e-02	6.102861775622072211e-34	0.000000000000000000e+00	-6.164941191673278809e-02	-3.823349788580963729e-34	2.919510115935043310e-34	0.000000000000000000e+00	-4.503094777464866638e-02	0.000000000000000000e+00	0.000000000000000000e+00	0.000000000000000000e+00	0.000000000000000000e+00	1.632649600505828857e-01	0.000000000000000000e+00	-2.058025598526000977e-01	-1.339928217374944920e-34	2.765355166047811508e-03	6.669395416975021362e-02	0.000000000000000000e+00	-3.947257529944181442e-03	5.551603808999061584e-02
0.000000000000000000e+00	0.000000000000000000e+00	0.000000000000000000e+00	0.000000000000000000e+00	0.000000000000000000e+00	0.000000000000000000e+00	0.000000000000000000e+00	0.000000000000000000e+00	0.000000000000000000e+00	0.000000000000000000e+00	0.000000000000000000e+00	0.000000000000000000e+00	0.000000000000000000e+00	0.000000000000000000e+00	0.000000000000000000e+00	0.000000000000000000e+00	0.000000000000000000e+00	0.000000000000000000e+00	0.000000000000000000e+00	0.000000000000000000e+00	0.000000000000000000e+00	0.000000000000000000e+00
0.000000000000000000e+00	0.000000000000000000e+00	0.000000000000000000e+00	0.000000000000000000e+00	0.000000000000000000e+00	0.000000000000000000e+00	0.000000000000000000e+00	0.000000000000000000e+00	0.000000000000000000e+00	0.000000000000000000e+00	0.000000000000000000e+00	0.000000000000000000e+00	0.000000000000000000e+00	0.000000000000000000e+00	0.000000000000000000e+00	0.000000000000000000e+00	0.000000000000000000e+00	0.000000000000000000e+00	0.000000000000000000e+00	0.000000000000000000e+00	0.000000000000000000e+00	0.000000000000000000e+00
0.000000000000000000e+00	0.000000000000000000e+00	0.000000000000000000e+00	0.000000000000000000e+00	0.000000000000000000e+00	0.000000000000000000e+00	0.000000000000000000e+00	0.000000000000000000e+00	0.000000000000000000e+00	0.000000000000000000e+00	0.000000000000000000e+00	0.000000000000000000e+00	0.000000000000000000e+00	0.000000000000000000e+00	0.000000000000000000e+00	0.000000000000000000e+00	0.000000000000000000e+00	0.000000000000000000e+00	0.000000000000000000e+00	0.000000000000000000e+00	0.000000000000000000e+00	0.000000000000000000e+00
0.000000000000000000e+00	0.000000000000000000e+00	0.000000000000000000e+00	0.000000000000000000e+00	0.000000000000000000e+00	0.000000000000000000e+00	0.000000000000000000e+00	0.000000000000000000e+00	0.000000000000000000e+00	0.000000000000000000e+00	0.000000000000000000e+00	0.000000000000000000e+00	0.000000000000000000e+00	0.000000000000000000e+00	0.000000000000000000e+00	0.000000000000000000e+00	0.000000000000000000e+00	0.000000000000000000e+00	0.000000000000000000e+00	0.000000000000000000e+00	0.000000000000000000e+00	0.000000000000000000e+00
0.000000000000000000e+00	0.000000000000000000e+00	0.000000000000000000e+00	0.000000000000000000e+00	0.000000000000000000e+00	0.000000000000000000e+00	0.000000000000000000e+00	0.000000000000000000e+00	0.000000000000000000e+00	0.000000000000000000e+00	0.000000000000000000e+00	0.000000000000000000e+00	0.000000000000000000e+00	0.000000000000000000e+00	0.000000000000000000e+00	0.000000000000000000e+00	0.000000000000000000e+00	0.000000000000000000e+00	0.000000000000000000e+00	0.000000000000000000e+00	0.000000000000000000e+00	0.000000000000000000e+00
0.000000000000000000e+00	0.000000000000000000e+00	0.000000000000000000e+00	0.000000000000000000e+00	0.000000000000000000e+00	0.000000000000000000e+00	0.000000000000000000e+00	0.000000000000000000e+00	0.000000000000000000e+00	0.000000000000000000e+00	0.000000000000000000e+00	0.000000000000000000e+00	0.000000000000000000e+00	0.000000000000000000e+00	0.000000000000000000e+00	0.000000000000000000e+00	0.000000000000000000e+00	0.000000000000000000e+00	0.000000000000000000e+00	0.000000000000000000e+00	0.000000000000000000e+00	0.000000000000000000e+00
0.000000000000000000e+00	0.000000000000000000e+00	0.000000000000000000e+00	0.000000000000000000e+00	0.000000000000000000e+00	0.000000000000000000e+00	0.000000000000000000e+00	0.000000000000000000e+00	0.000000000000000000e+00	0.000000000000000000e+00	0.000000000000000000e+00	0.000000000000000000e+00	0.000000000000000000e+00	0.000000000000000000e+00	0.000000000000000000e+00	0.000000000000000000e+00	0.000000000000000000e+00	0.000000000000000000e+00	0.000000000000000000e+00	0.000000000000000000e+00	0.000000000000000000e+00	0.000000000000000000e+00
3.197961940962359019e-35	-1.154939979314804077e-01	-2.882368627046386134e-34	0.000000000000000000e+00	1.382529269903898239e-02	6.047132782311037614e-34	-1.609723685931593476e-34	0.000000000000000000e+00	8.828853070735931396e-02	0.000000000000000000e+00	0.000000000000000000e+00	0.000000000000000000e+00	-2.173462881554004575e-34	-1.035649478435516357e-01	1.015847409506865388e-34	-7.900397758930921555e-04	0.000000000000000000e+00	8.367760479450225830e-02	-8.385076187551021576e-03	3.606463963603299440e-34	-3.372522071003913879e-02	-8.480662852525711060e-02
0.000000000000000000e+00	-3.835581615567207336e-02	-1.984571959636401931e-34	0.000000000000000000e+00	-4.127696752548217773e-01	-4.921686481007451366e-34	-5.288823672482983892e-34	0.000000000000000000e+00	-6.850515305995941162e-02	0.000000000000000000e+00	0.000000000000000000e+00	0.000000000000000000e+00	0.000000000000000000e+00	1.633518747985363007e-02	0.000000000000000000e+00	1.721954531967639923e-02	0.000000000000000000e+00	-8.080088533461093903e-03	-2.278752923011779785e-01	0.000000000000000000e+00	-6.630625575780868530e-02	2.996875643730163574e-01
0.000000000000000000e+00	-3.453514724969863892e-02	4.301185257536598467e-34	0.000000000000000000e+00	-2.712736725807189941e-01	6.510315668265924458e-34	7.192018362263866651e-34	0.000000000000000000e+00	5.705362185835838318e-02	0.000000000000000000e+00	0.000000000000000000e+00	0.000000000000000000e+00	0.000000000000000000e+00	6.852772086858749390e-03	0.000000000000000000e+00	2.325572669506072998e-01	0.000000000000000000e+00	1.258202549070119858e-02	-2.107400633394718170e-02	0.000000000000000000e+00	-5.980717018246650696e-03	-1.117511373013257980e-02
0.000000000000000000e+00	4.262623377144336700e-03	-1.035402240169148970e-33	0.000000000000000000e+00	-1.440234947949647903e-02	-9.885227907743868807e-34	-3.970408953232380191e-34	0.000000000000000000e+00	1.911054365336894989e-02	0.000000000000000000e+00	0.000000000000000000e+00	0.000000000000000000e+00	0.000000000000000000e+00	-5.630804225802421570e-02	0.000000000000000000e+00	3.508617356419563293e-02	0.000000000000000000e+00	-2.586806938052177429e-02	-9.982484579086303711e-02	0.000000000000000000e+00	8.326867595314979553e-03	-9.242648631334304810e-02
0.000000000000000000e+00	4.359516501426696777e-02	0.000000000000000000e+00	0.000000000000000000e+00	-3.765327110886573792e-02	0.000000000000000000e+00	1.295186422824252391e-34	0.000000000000000000e+00	-1.865298673510551453e-02	0.000000000000000000e+00	0.000000000000000000e+00	0.000000000000000000e+00	0.000000000000000000e+00	1.089081987738609314e-01	0.000000000000000000e+00	1.423816196620464325e-02	0.000000000000000000e+00	-9.787231683731079102e-03	5.640107393264770508e-02	0.000000000000000000e+00	4.005792737007141113e-02	-1.311089545488357544e-01
0.000000000000000000e+00	-3.082030080258846283e-02	0.000000000000000000e+00	0.000000000000000000e+00	1.310294419527053833e-01	1.146560888991491192e-34	-7.289101338672325480e-34	0.000000000000000000e+00	3.612176328897476196e-02	0.000000000000000000e+00	0.000000000000000000e+00	0.000000000000000000e+00	0.000000000000000000e+00	1.675059348344802856e-01	0.000000000000000000e+00	1.520857494324445724e-02	0.000000000000000000e+00	5.437554046511650085e-02	-1.671449630521237850e-03	0.000000000000000000e+00	-2.297549508512020111e-02	7.795901596546173096e-02
0.000000000000000000e+00	8.256893124780617654e-06	-4.116988966182592334e-34	0.000000000000000000e+00	-9.025623649358749390e-02	6.377410419871117997e-34	-4.176165923196878711e-34	0.000000000000000000e+00	8.351518772542476654e-06	0.000000000000000000e+00	0.000000000000000000e+00	0.000000000000000000e+00	0.000000000000000000e+00	1.494117663241922855e-03	0.000000000000000000e+00	-7.829179055988788605e-03	0.000000000000000000e+00	3.814056981354951859e-07	-2.764712262433022261e-04	0.000000000000000000e+00	7.196337037385092117e-07	1.785541651770472527e-03
8.620902229431658375e-35	5.964062176644802094e-03	4.600717002352019479e-35	-1.900850818330190428e-34	2.499727159738540649e-01	0.000000000000000000e+00	-1.017317994265717341e-33	1.295122137976941797e-34	-1.074452325701713562e-02	0.000000000000000000e+00	-1.542196586429141748e-34	-9.643178238463953346e-35	-8.529947206093081904e-35	-2.486925572156906128e-02	-1.016687933885451403e-34	9.613863378763198853e-02	-5.920183869402668265e-35	-2.771248575299978256e-03	-1.990258693695068359e-03	-1.404271495019969290e-34	-8.229790255427360535e-04	1.704644970595836639e-02
0.000000000000000000e+00	0.000000000000000000e+00	0.000000000000000000e+00	0.000000000000000000e+00	0.000000000000000000e+00	0.000000000000000000e+00	0.000000000000000000e+00	0.000000000000000000e+00	0.000000000000000000e+00	0.000000000000000000e+00	0.000000000000000000e+00	0.000000000000000000e+00	0.000000000000000000e+00	0.000000000000000000e+00	0.000000000000000000e+00	0.000000000000000000e+00	0.000000000000000000e+00	0.000000000000000000e+00	0.000000000000000000e+00	0.000000000000000000e+00	0.000000000000000000e+00	0.000000000000000000e+00
0.000000000000000000e+00	0.000000000000000000e+00	0.000000000000000000e+00	0.000000000000000000e+00	0.000000000000000000e+00	0.000000000000000000e+00	0.000000000000000000e+00	0.000000000000000000e+00	0.000000000000000000e+00	0.000000000000000000e+00	0.000000000000000000e+00	0.000000000000000000e+00	0.000000000000000000e+00	0.000000000000000000e+00	0.000000000000000000e+00	0.000000000000000000e+00	0.000000000000000000e+00	0.000000000000000000e+00	0.000000000000000000e+00	0.000000000000000000e+00	0.000000000000000000e+00	0.000000000000000000e+00
0.000000000000000000e+00	0.000000000000000000e+00	0.000000000000000000e+00	0.000000000000000000e+00	0.000000000000000000e+00	0.000000000000000000e+00	0.000000000000000000e+00	0.000000000000000000e+00	0.000000000000000000e+00	0.000000000000000000e+00	0.000000000000000000e+00	0.000000000000000000e+00	0.000000000000000000e+00	0.000000000000000000e+00	0.000000000000000000e+00	0.000000000000000000e+00	0.000000000000000000e+00	0.000000000000000000e+00	0.000000000000000000e+00	0.000000000000000000e+00	0.000000000000000000e+00	0.000000000000000000e+00
0.000000000000000000e+00	0.000000000000000000e+00	0.000000000000000000e+00	0.000000000000000000e+00	0.000000000000000000e+00	0.000000000000000000e+00	0.000000000000000000e+00	0.000000000000000000e+00	0.000000000000000000e+00	0.000000000000000000e+00	0.000000000000000000e+00	0.000000000000000000e+00	0.000000000000000000e+00	0.000000000000000000e+00	0.000000000000000000e+00	0.000000000000000000e+00	0.000000000000000000e+00	0.000000000000000000e+00	0.000000000000000000e+00	0.000000000000000000e+00	0.000000000000000000e+00	0.000000000000000000e+00
0.000000000000000000e+00	0.000000000000000000e+00	0.000000000000000000e+00	0.000000000000000000e+00	0.000000000000000000e+00	0.000000000000000000e+00	0.000000000000000000e+00	0.000000000000000000e+00	0.000000000000000000e+00	0.000000000000000000e+00	0.000000000000000000e+00	0.000000000000000000e+00	0.000000000000000000e+00	0.000000000000000000e+00	0.000000000000000000e+00	0.000000000000000000e+00	0.000000000000000000e+00	0.000000000000000000e+00	0.000000000000000000e+00	0.000000000000000000e+00	0.000000000000000000e+00	0.000000000000000000e+00
0.000000000000000000e+00	-8.035096470848657191e-06	0.000000000000000000e+00	0.000000000000000000e+00	1.615565568208694458e-01	-8.912795614251323567e-34	-2.830592692667472269e-34	0.000000000000000000e+00	-3.254115290474146605e-05	0.000000000000000000e+00	0.000000000000000000e+00	0.000000000000000000e+00	0.000000000000000000e+00	-2.122942387359216809e-04	0.000000000000000000e+00	3.926980774849653244e-03	0.000000000000000000e+00	1.429346139047993347e-05	-2.350178874621633440e-05	0.000000000000000000e+00	-5.044494741923699621e-07	-1.529242945252917707e-05
0.000000000000000000e+00	0.000000000000000000e+00	0.000000000000000000e+00	0.000000000000000000e+00	0.000000000000000000e+00	0.000000000000000000e+00	0.000000000000000000e+00	0.000000000000000000e+00	0.000000000000000000e+00	0.000000000000000000e+00	0.000000000000000000e+00	0.000000000000000000e+00	0.000000000000000000e+00	0.000000000000000000e+00	0.000000000000000000e+00	0.000000000000000000e+00	0.000000000000000000e+00	0.000000000000000000e+00	0.000000000000000000e+00	0.000000000000000000e+00	0.000000000000000000e+00	0.000000000000000000e+00
-5.150570269175046615e-35	-6.878557801246643066e-02	8.064602053381155157e-34	-1.056585406013809895e-34	3.385874330997467041e-01	-2.856881292208918438e-34	-9.384988021556790139e-34	-8.896669875097831297e-35	-1.215294674038887024e-01	-2.006693753128419644e-34	-2.313960629593672959e-35	8.117121396101467961e-35	-1.132193914383794652e-34	-2.228974550962448120e-01	0.000000000000000000e+00	-1.474536657333374023e-01	-6.393759434074644382e-35	-6.004320830106735229e-02	1.072393134236335754e-01	0.000000000000000000e+00	8.101057261228561401e-03	-1.199444010853767395e-01
0.000000000000000000e+00	-1.039079390466213226e-02	0.000000000000000000e+00	0.000000000000000000e+00	-2.410557717084884644e-01	-5.324603700141098848e-34	-1.029390504919654550e-33	0.000000000000000000e+00	1.700837910175323486e-02	0.000000000000000000e+00	0.000000000000000000e+00	0.000000000000000000e+00	0.000000000000000000e+00	-1.494619101285934448e-01	0.000000000000000000e+00	-1.696721911430358887e-01	0.000000000000000000e+00	1.670011505484580994e-02	7.064392324537038803e-03	0.000000000000000000e+00	2.945042401552200317e-02	-1.997754275798797607e-01
0.000000000000000000e+00	7.035576854832470417e-04	0.000000000000000000e+00	0.000000000000000000e+00	6.948560476303100586e-04	1.157067925860171203e-33	-3.056143885473864214e-34	0.000000000000000000e+00	5.105018499307334423e-05	0.000000000000000000e+00	0.000000000000000000e+00	0.000000000000000000e+00	0.000000000000000000e+00	7.010611589066684246e-04	0.000000000000000000e+00	-8.917792001739144325e-05	0.000000000000000000e+00	-2.458933158777654171e-04	4.960310761816799641e-04	0.000000000000000000e+00	-1.099145738407969475e-04	-9.795698570087552071e-04
0.000000000000000000e+00	-2.837652862071990967e-01	0.000000000000000000e+00	0.000000000000000000e+00	-4.408846795558929443e-01	-3.013741600187796512e-34	-2.628879239598810102e-34	0.000000000000000000e+00	3.983314707875251770e-02	0.000000000000000000e+00	0.000000000000000000e+00	0.000000000000000000e+00	0.000000000000000000e+00	2.521111397072672844e-03	0.000000000000000000e+00	-2.319821529090404510e-02	0.000000000000000000e+00	6.745138205587863922e-03	-4.704410433769226074e-01	0.000000000000000000e+00	-2.687626518309116364e-02	-2.254841849207878113e-02
0.000000000000000000e+00	0.000000000000000000e+00	0.000000000000000000e+00	0.000000000000000000e+00	0.000000000000000000e+00	0.000000000000000000e+00	0.000000000000000000e+00	0.000000000000000000e+00	0.000000000000000000e+00	0.000000000000000000e+00	0.000000000000000000e+00	0.000000000000000000e+00	0.000000000000000000e+00	0.000000000000000000e+00	0.000000000000000000e+00	0.000000000000000000e+00	0.000000000000000000e+00	0.000000000000000000e+00	0.000000000000000000e+00	0.000000000000000000e+00	0.000000000000000000e+00	0.000000000000000000e+00
0.000000000000000000e+00	0.000000000000000000e+00	0.000000000000000000e+00	0.000000000000000000e+00	0.000000000000000000e+00	0.000000000000000000e+00	0.000000000000000000e+00	0.000000000000000000e+00	0.000000000000000000e+00	0.000000000000000000e+00	0.000000000000000000e+00	0.000000000000000000e+00	0.000000000000000000e+00	0.000000000000000000e+00	0.000000000000000000e+00	0.000000000000000000e+00	0.000000000000000000e+00	0.000000000000000000e+00	0.000000000000000000e+00	0.000000000000000000e+00	0.000000000000000000e+00	0.000000000000000000e+00
0.000000000000000000e+00	0.000000000000000000e+00	0.000000000000000000e+00	0.000000000000000000e+00	0.000000000000000000e+00	0.000000000000000000e+00	0.000000000000000000e+00	0.000000000000000000e+00	0.000000000000000000e+00	0.000000000000000000e+00	0.000000000000000000e+00	0.000000000000000000e+00	0.000000000000000000e+00	0.000000000000000000e+00	0.000000000000000000e+00	0.000000000000000000e+00	0.000000000000000000e+00	0.000000000000000000e+00	0.000000000000000000e+00	0.000000000000000000e+00	0.000000000000000000e+00	0.000000000000000000e+00
0.000000000000000000e+00	0.000000000000000000e+00	0.000000000000000000e+00	0.000000000000000000e+00	0.000000000000000000e+00	0.000000000000000000e+00	0.000000000000000000e+00	0.000000000000000000e+00	0.000000000000000000e+00	0.000000000000000000e+00	0.000000000000000000e+00	0.000000000000000000e+00	0.000000000000000000e+00	0.000000000000000000e+00	0.000000000000000000e+00	0.000000000000000000e+00	0.000000000000000000e+00	0.000000000000000000e+00	0.000000000000000000e+00	0.000000000000000000e+00	0.000000000000000000e+00	0.000000000000000000e+00
0.000000000000000000e+00	5.793981827650895866e-08	0.000000000000000000e+00	0.000000000000000000e+00	9.118717862293124199e-04	-7.081398374544239127e-35	0.000000000000000000e+00	0.000000000000000000e+00	1.980399829335510731e-04	0.000000000000000000e+00	0.000000000000000000e+00	0.000000000000000000e+00	0.000000000000000000e+00	2.305298618665574395e-09	0.000000000000000000e+00	-6.932300955497794348e-09	0.000000000000000000e+00	1.563879195600748062e-04	-1.473623001402302179e-08	0.000000000000000000e+00	1.109658696805126965e-04	-6.581103079952299595e-04
0.000000000000000000e+00	0.000000000000000000e+00	0.000000000000000000e+00	0.000000000000000000e+00	0.000000000000000000e+00	0.000000000000000000e+00	0.000000000000000000e+00	0.000000000000000000e+00	0.000000000000000000e+00	0.000000000000000000e+00	0.000000000000000000e+00	0.000000000000000000e+00	0.000000000000000000e+00	0.000000000000000000e+00	0.000000000000000000e+00	0.000000000000000000e+00	0.000000000000000000e+00	0.000000000000000000e+00	0.000000000000000000e+00	0.000000000000000000e+00	0.000000000000000000e+00	0.000000000000000000e+00
0.000000000000000000e+00	0.000000000000000000e+00	0.000000000000000000e+00	0.000000000000000000e+00	0.000000000000000000e+00	0.000000000000000000e+00	0.000000000000000000e+00	0.000000000000000000e+00	0.000000000000000000e+00	0.000000000000000000e+00	0.000000000000000000e+00	0.000000000000000000e+00	0.000000000000000000e+00	0.000000000000000000e+00	0.000000000000000000e+00	0.000000000000000000e+00	0.000000000000000000e+00	0.000000000000000000e+00	0.000000000000000000e+00	0.000000000000000000e+00	0.000000000000000000e+00	0.000000000000000000e+00
0.000000000000000000e+00	0.000000000000000000e+00	0.000000000000000000e+00	0.000000000000000000e+00	0.000000000000000000e+00	0.000000000000000000e+00	0.000000000000000000e+00	0.000000000000000000e+00	0.000000000000000000e+00	0.000000000000000000e+00	0.000000000000000000e+00	0.000000000000000000e+00	0.000000000000000000e+00	0.000000000000000000e+00	0.000000000000000000e+00	0.000000000000000000e+00	0.000000000000000000e+00	0.000000000000000000e+00	0.000000000000000000e+00	0.000000000000000000e+00	0.000000000000000000e+00	0.000000000000000000e+00
0.000000000000000000e+00	0.000000000000000000e+00	0.000000000000000000e+00	0.000000000000000000e+00	0.000000000000000000e+00	0.000000000000000000e+00	0.000000000000000000e+00	0.000000000000000000e+00	0.000000000000000000e+00	0.000000000000000000e+00	0.000000000000000000e+00	0.000000000000000000e+00	0.000000000000000000e+00	0.000000000000000000e+00	0.000000000000000000e+00	0.000000000000000000e+00	0.000000000000000000e+00	0.000000000000000000e+00	0.000000000000000000e+00	0.000000000000000000e+00	0.000000000000000000e+00	0.000000000000000000e+00
0.000000000000000000e+00	0.000000000000000000e+00	0.000000000000000000e+00	0.000000000000000000e+00	0.000000000000000000e+00	0.000000000000000000e+00	0.000000000000000000e+00	0.000000000000000000e+00	0.000000000000000000e+00	0.000000000000000000e+00	0.000000000000000000e+00	0.000000000000000000e+00	0.000000000000000000e+00	0.000000000000000000e+00	0.000000000000000000e+00	0.000000000000000000e+00	0.000000000000000000e+00	0.000000000000000000e+00	0.000000000000000000e+00	0.000000000000000000e+00	0.000000000000000000e+00	0.000000000000000000e+00
0.000000000000000000e+00	0.000000000000000000e+00	0.000000000000000000e+00	0.000000000000000000e+00	0.000000000000000000e+00	0.000000000000000000e+00	0.000000000000000000e+00	0.000000000000000000e+00	0.000000000000000000e+00	0.000000000000000000e+00	0.000000000000000000e+00	0.000000000000000000e+00	0.000000000000000000e+00	0.000000000000000000e+00	0.000000000000000000e+00	0.000000000000000000e+00	0.000000000000000000e+00	0.000000000000000000e+00	0.000000000000000000e+00	0.000000000000000000e+00	0.000000000000000000e+00	0.000000000000000000e+00
0.000000000000000000e+00	-5.224573239684104919e-02	-1.620344116679154567e-34	0.000000000000000000e+00	-1.517591357231140137e+00	-8.347477422066846006e-34	1.006912297867047673e-33	0.000000000000000000e+00	-2.521510124206542969e-01	0.000000000000000000e+00	0.000000000000000000e+00	0.000000000000000000e+00	0.000000000000000000e+00	1.356307864189147949e+00	0.000000000000000000e+00	-2.116913557052612305e+00	0.000000000000000000e+00	-1.025134697556495667e-01	-1.752223223447799683e-01	0.000000000000000000e+00	-1.216213917359709740e-03	-5.706335306167602539e-01
0.000000000000000000e+00	9.034063667058944702e-02	0.000000000000000000e+00	0.000000000000000000e+00	9.275698661804199219e-01	-9.560079741821693023e-34	-1.706710809040937402e-34	0.000000000000000000e+00	8.877141401171684265e-03	0.000000000000000000e+00	0.000000000000000000e+00	0.000000000000000000e+00	0.000000000000000000e+00	7.975029349327087402e-01	0.000000000000000000e+00	-4.468611180782318115e-01	0.000000000000000000e+00	9.962817281484603882e-02	5.011423230171203613e-01	0.000000000000000000e+00	7.710902020335197449e-03	4.871281087398529053e-01
0.000000000000000000e+00	0.000000000000000000e+00	0.000000000000000000e+00	0.000000000000000000e+00	0.000000000000000000e+00	0.000000000000000000e+00	0.000000000000000000e+00	0.000000000000000000e+00	0.000000000000000000e+00	0.000000000000000000e+00	0.000000000000000000e+00	0.000000000000000000e+00	0.000000000000000000e+00	0.000000000000000000e+00	0.000000000000000000e+00	0.000000000000000000e+00	0.000000000000000000e+00	0.000000000000000000e+00	0.000000000000000000e+00	0.000000000000000000e+00	0.000000000000000000e+00	0.000000000000000000e+00
0.000000000000000000e+00	1.692128134891390800e-03	0.000000000000000000e+00	0.000000000000000000e+00	2.563788788393139839e-03	-4.718895338391375173e-34	1.014980964559488781e-33	0.000000000000000000e+00	-5.348798731574788690e-05	0.000000000000000000e+00	0.000000000000000000e+00	0.000000000000000000e+00	0.000000000000000000e+00	2.645136919454671443e-05	0.000000000000000000e+00	1.721462285786401480e-05	0.000000000000000000e+00	-1.370290847262367606e-04	2.528451383113861084e-03	0.000000000000000000e+00	6.185255915625020862e-05	1.190011244034394622e-05
0.000000000000000000e+00	0.000000000000000000e+00	0.000000000000000000e+00	0.000000000000000000e+00	0.000000000000000000e+00	0.000000000000000000e+00	0.000000000000000000e+00	0.000000000000000000e+00	0.000000000000000000e+00	0.000000000000000000e+00	0.000000000000000000e+00	0.000000000000000000e+00	0.000000000000000000e+00	0.000000000000000000e+00	0.000000000000000000e+00	0.000000000000000000e+00	0.000000000000000000e+00	0.000000000000000000e+00	0.000000000000000000e+00	0.000000000000000000e+00	0.000000000000000000e+00	0.000000000000000000e+00
0.000000000000000000e+00	0.000000000000000000e+00	0.000000000000000000e+00	0.000000000000000000e+00	0.000000000000000000e+00	0.000000000000000000e+00	0.000000000000000000e+00	0.000000000000000000e+00	0.000000000000000000e+00	0.000000000000000000e+00	0.000000000000000000e+00	0.000000000000000000e+00	0.000000000000000000e+00	0.000000000000000000e+00	0.000000000000000000e+00	0.000000000000000000e+00	0.000000000000000000e+00	0.000000000000000000e+00	0.000000000000000000e+00	0.000000000000000000e+00	0.000000000000000000e+00	0.000000000000000000e+00
0.000000000000000000e+00	0.000000000000000000e+00	0.000000000000000000e+00	0.000000000000000000e+00	0.000000000000000000e+00	0.000000000000000000e+00	0.000000000000000000e+00	0.000000000000000000e+00	0.000000000000000000e+00	0.000000000000000000e+00	0.000000000000000000e+00	0.000000000000000000e+00	0.000000000000000000e+00	0.000000000000000000e+00	0.000000000000000000e+00	0.000000000000000000e+00	0.000000000000000000e+00	0.000000000000000000e+00	0.000000000000000000e+00	0.000000000000000000e+00	0.000000000000000000e+00	0.000000000000000000e+00
0.000000000000000000e+00	1.728068590164184570e-01	0.000000000000000000e+00	0.000000000000000000e+00	2.728092074394226074e-01	-3.301971896654459829e-34	-1.779893138396798228e-34	0.000000000000000000e+00	-3.700761124491691589e-02	0.000000000000000000e+00	0.000000000000000000e+00	0.000000000000000000e+00	0.000000000000000000e+00	-3.832120448350906372e-02	0.000000000000000000e+00	1.666104421019554138e-02	0.000000000000000000e+00	-6.346725858747959137e-03	3.007784783840179443e-01	0.000000000000000000e+00	2.580409869551658630e-02	2.369006350636482239e-02
0.000000000000000000e+00	0.000000000000000000e+00	0.000000000000000000e+00	0.000000000000000000e+00	0.000000000000000000e+00	0.000000000000000000e+00	0.000000000000000000e+00	0.000000000000000000e+00	0.000000000000000000e+00	0.000000000000000000e+00	0.000000000000000000e+00	0.000000000000000000e+00	0.000000000000000000e+00	0.000000000000000000e+00	0.000000000000000000e+00	0.000000000000000000e+00	0.000000000000000000e+00	0.000000000000000000e+00	0.000000000000000000e+00	0.000000000000000000e+00	0.000000000000000000e+00	0.000000000000000000e+00
0.000000000000000000e+00	0.000000000000000000e+00	0.000000000000000000e+00	0.000000000000000000e+00	0.000000000000000000e+00	0.000000000000000000e+00	0.000000000000000000e+00	0.000000000000000000e+00	0.000000000000000000e+00	0.000000000000000000e+00	0.000000000000000000e+00	0.000000000000000000e+00	0.000000000000000000e+00	0.000000000000000000e+00	0.000000000000000000e+00	0.000000000000000000e+00	0.000000000000000000e+00	0.000000000000000000e+00	0.000000000000000000e+00	0.000000000000000000e+00	0.000000000000000000e+00	0.000000000000000000e+00
0.000000000000000000e+00	0.000000000000000000e+00	0.000000000000000000e+00	0.000000000000000000e+00	0.000000000000000000e+00	0.000000000000000000e+00	0.000000000000000000e+00	0.000000000000000000e+00	0.000000000000000000e+00	0.000000000000000000e+00	0.000000000000000000e+00	0.000000000000000000e+00	0.000000000000000000e+00	0.000000000000000000e+00	0.000000000000000000e+00	0.000000000000000000e+00	0.000000000000000000e+00	0.000000000000000000e+00	0.000000000000000000e+00	0.000000000000000000e+00	0.000000000000000000e+00	0.000000000000000000e+00
0.000000000000000000e+00	0.000000000000000000e+00	0.000000000000000000e+00	0.000000000000000000e+00	0.000000000000000000e+00	0.000000000000000000e+00	0.000000000000000000e+00	0.000000000000000000e+00	0.000000000000000000e+00	0.000000000000000000e+00	0.000000000000000000e+00	0.000000000000000000e+00	0.000000000000000000e+00	0.000000000000000000e+00	0.000000000000000000e+00	0.000000000000000000e+00	0.000000000000000000e+00	0.000000000000000000e+00	0.000000000000000000e+00	0.000000000000000000e+00	0.000000000000000000e+00	0.000000000000000000e+00
0.000000000000000000e+00	0.000000000000000000e+00	0.000000000000000000e+00	0.000000000000000000e+00	0.000000000000000000e+00	0.000000000000000000e+00	0.000000000000000000e+00	0.000000000000000000e+00	0.000000000000000000e+00	0.000000000000000000e+00	0.000000000000000000e+00	0.000000000000000000e+00	0.000000000000000000e+00	0.000000000000000000e+00	0.000000000000000000e+00	0.000000000000000000e+00	0.000000000000000000e+00	0.000000000000000000e+00	0.000000000000000000e+00	0.000000000000000000e+00	0.000000000000000000e+00	0.000000000000000000e+00
0.000000000000000000e+00	0.000000000000000000e+00	0.000000000000000000e+00	0.000000000000000000e+00	0.000000000000000000e+00	0.000000000000000000e+00	0.000000000000000000e+00	0.000000000000000000e+00	0.000000000000000000e+00	0.000000000000000000e+00	0.000000000000000000e+00	0.000000000000000000e+00	0.000000000000000000e+00	0.000000000000000000e+00	0.000000000000000000e+00	0.000000000000000000e+00	0.000000000000000000e+00	0.000000000000000000e+00	0.000000000000000000e+00	0.000000000000000000e+00	0.000000000000000000e+00	0.000000000000000000e+00
0.000000000000000000e+00	0.000000000000000000e+00	0.000000000000000000e+00	0.000000000000000000e+00	0.000000000000000000e+00	0.000000000000000000e+00	0.000000000000000000e+00	0.000000000000000000e+00	0.000000000000000000e+00	0.000000000000000000e+00	0.000000000000000000e+00	0.000000000000000000e+00	0.000000000000000000e+00	0.000000000000000000e+00	0.000000000000000000e+00	0.000000000000000000e+00	0.000000000000000000e+00	0.000000000000000000e+00	0.000000000000000000e+00	0.000000000000000000e+00	0.000000000000000000e+00	0.000000000000000000e+00
-6.531013896773123110e-35	-1.266849786043167114e-01	8.573036994862262368e-35	-7.671339270369856896e-35	-1.130783092230558395e-02	0.000000000000000000e+00	3.987853105727590622e-34	0.000000000000000000e+00	2.781614847481250763e-02	0.000000000000000000e+00	9.297509430925274425e-35	0.000000000000000000e+00	-3.851257562714045481e-35	-9.211869910359382629e-03	0.000000000000000000e+00	3.851675242185592651e-02	3.846542843135664410e-34	-6.123581528663635254e-02	-1.135563552379608154e-01	0.000000000000000000e+00	2.772012539207935333e-02	1.290798336267471313e-01
0.000000000000000000e+00	9.251346439123153687e-02	0.000000000000000000e+00	0.000000000000000000e+00	3.087086603045463562e-02	8.917733608879738754e-34	3.591359779550194625e-34	0.000000000000000000e+00	-6.355791538953781128e-02	0.000000000000000000e+00	0.000000000000000000e+00	0.000000000000000000e+00	0.000000000000000000e+00	1.128998026251792908e-02	0.000000000000000000e+00	4.374173469841480255e-03	0.000000000000000000e+00	5.472335033118724823e-04	-1.318801939487457275e-02	0.000000000000000000e+00	-7.724702823907136917e-03	-1.992287673056125641e-02
0.000000000000000000e+00	-1.380223631858825684e-01	-8.902422794960278459e-34	1.318276736417626319e-34	1.528495848178863525e-01	-6.071753878830995058e-34	-1.134437547390430535e-33	8.853706360135868071e-35	5.595977976918220520e-02	5.935457260357444178e-35	1.686451554205373948e-34	8.601624810844394045e-35	-3.628004610596192365e-35	6.340400129556655884e-02	0.000000000000000000e+00	8.047999814152717590e-03	0.000000000000000000e+00	8.101616986095905304e-03	3.008581139147281647e-02	1.101883723671219850e-34	4.661563411355018616e-02	-1.507527101784944534e-02
0.000000000000000000e+00	-2.426345564308522083e-17	0.000000000000000000e+00	0.000000000000000000e+00	2.149218221535086412e-17	1.022792859204672145e-33	2.029229265530629108e-34	0.000000000000000000e+00	-7.198588084398863969e-18	0.000000000000000000e+00	0.000000000000000000e+00	0.000000000000000000e+00	0.000000000000000000e+00	-1.217507158933202153e-15	0.000000000000000000e+00	6.495130695862740260e-17	0.000000000000000000e+00	3.783503028711928483e-18	-2.322482450490648780e-18	0.000000000000000000e+00	1.608121968921238931e-10	6.694763788385268044e-17
0.000000000000000000e+00	-4.939240962266921997e-02	8.041225327834138494e-34	0.000000000000000000e+00	-3.576422110199928284e-02	4.851001158792126321e-35	-3.874133210835150105e-34	0.000000000000000000e+00	-1.336509920656681061e-02	0.000000000000000000e+00	0.000000000000000000e+00	0.000000000000000000e+00	0.000000000000000000e+00	-5.947156343609094620e-03	0.000000000000000000e+00	-5.989529192447662354e-02	0.000000000000000000e+00	2.820271998643875122e-03	1.048854887485504150e-01	0.000000000000000000e+00	-8.946502581238746643e-03	2.022854052484035492e-02
3.417393962468188713e-35	4.160606563091278076e-01	2.036206696939972885e-34	0.000000000000000000e+00	2.613801658153533936e-01	-4.004349975079931373e-34	3.317238629535764288e-34	0.000000000000000000e+00	-7.374439835548400879e-01	0.000000000000000000e+00	-5.489289999513820538e-35	0.000000000000000000e+00	0.000000000000000000e+00	-5.335328727960586548e-02	-8.718314436093843603e-35	-4.634452611207962036e-02	0.000000000000000000e+00	6.328020691871643066e-01	-3.291806876659393311e-01	0.000000000000000000e+00	-3.817556798458099365e-01	4.640237241983413696e-02
0.000000000000000000e+00	-1.162797634300964433e-34	4.130210063386977539e-34	0.000000000000000000e+00	-1.852195444927175488e-32	-5.705116272454562004e-34	-3.768579557849818561e-34	-1.124537818657843319e-34	6.192834847917979360e-33	0.000000000000000000e+00	-1.212405562204328521e-34	0.000000000000000000e+00	2.133894639679372481e-34	-3.886943159159272909e-05	-2.396304927223735779e-34	-3.089716538173803428e-10	-9.876431215155635224e-35	-2.761121619382348183e-33	-8.361606313150752954e-34	-7.978821156690490108e-35	-1.258274867059100786e-35	9.629431153455323246e-34
0.000000000000000000e+00	-1.673282596603932443e-33	0.000000000000000000e+00	0.000000000000000000e+00	-8.717408249335504625e-34	-9.318282620156212037e-35	-8.354245698133689958e-34	0.000000000000000000e+00	1.310445877742486329e-33	0.000000000000000000e+00	0.000000000000000000e+00	0.000000000000000000e+00	0.000000000000000000e+00	-9.677403261583373115e-34	0.000000000000000000e+00	-1.198912953355552215e-33	0.000000000000000000e+00	-2.298061480751626110e-32	5.732720645067211792e-34	0.000000000000000000e+00	-1.151951611973345280e-03	9.765944618494177182e-34
0.000000000000000000e+00	0.000000000000000000e+00	0.000000000000000000e+00	0.000000000000000000e+00	0.000000000000000000e+00	0.000000000000000000e+00	0.000000000000000000e+00	0.000000000000000000e+00	0.000000000000000000e+00	0.000000000000000000e+00	0.000000000000000000e+00	0.000000000000000000e+00	0.000000000000000000e+00	0.000000000000000000e+00	0.000000000000000000e+00	0.000000000000000000e+00	0.000000000000000000e+00	0.000000000000000000e+00	0.000000000000000000e+00	0.000000000000000000e+00	0.000000000000000000e+00	0.000000000000000000e+00
0.000000000000000000e+00	0.000000000000000000e+00	0.000000000000000000e+00	0.000000000000000000e+00	0.000000000000000000e+00	0.000000000000000000e+00	0.000000000000000000e+00	0.000000000000000000e+00	0.000000000000000000e+00	0.000000000000000000e+00	0.000000000000000000e+00	0.000000000000000000e+00	0.000000000000000000e+00	0.000000000000000000e+00	0.000000000000000000e+00	0.000000000000000000e+00	0.000000000000000000e+00	0.000000000000000000e+00	0.000000000000000000e+00	0.000000000000000000e+00	0.000000000000000000e+00	0.000000000000000000e+00
0.000000000000000000e+00	0.000000000000000000e+00	0.000000000000000000e+00	0.000000000000000000e+00	0.000000000000000000e+00	0.000000000000000000e+00	0.000000000000000000e+00	0.000000000000000000e+00	0.000000000000000000e+00	0.000000000000000000e+00	0.000000000000000000e+00	0.000000000000000000e+00	0.000000000000000000e+00	0.000000000000000000e+00	0.000000000000000000e+00	0.000000000000000000e+00	0.000000000000000000e+00	0.000000000000000000e+00	0.000000000000000000e+00	0.000000000000000000e+00	0.000000000000000000e+00	0.000000000000000000e+00
0.000000000000000000e+00	0.000000000000000000e+00	0.000000000000000000e+00	0.000000000000000000e+00	0.000000000000000000e+00	0.000000000000000000e+00	0.000000000000000000e+00	0.000000000000000000e+00	0.000000000000000000e+00	0.000000000000000000e+00	0.000000000000000000e+00	0.000000000000000000e+00	0.000000000000000000e+00	0.000000000000000000e+00	0.000000000000000000e+00	0.000000000000000000e+00	0.000000000000000000e+00	0.000000000000000000e+00	0.000000000000000000e+00	0.000000000000000000e+00	0.000000000000000000e+00	0.000000000000000000e+00
0.000000000000000000e+00	0.000000000000000000e+00	0.000000000000000000e+00	0.000000000000000000e+00	0.000000000000000000e+00	0.000000000000000000e+00	0.000000000000000000e+00	0.000000000000000000e+00	0.000000000000000000e+00	0.000000000000000000e+00	0.000000000000000000e+00	0.000000000000000000e+00	0.000000000000000000e+00	0.000000000000000000e+00	0.000000000000000000e+00	0.000000000000000000e+00	0.000000000000000000e+00	0.000000000000000000e+00	0.000000000000000000e+00	0.000000000000000000e+00	0.000000000000000000e+00	0.000000000000000000e+00
0.000000000000000000e+00	1.048329371950332445e-33	0.000000000000000000e+00	-1.834336549555991146e-34	-6.968633568811841718e-34	-7.474722457749222847e-34	2.892841317439503057e-34	0.000000000000000000e+00	7.211382335806259888e-36	-1.010693945845589514e-34	-1.388817762109613121e-34	-1.601673960310234954e-34	0.000000000000000000e+00	-4.427728142757579297e-34	0.000000000000000000e+00	-1.465203772748945471e-34	0.000000000000000000e+00	-6.171968353822945229e-33	9.408586989004509140e-34	-8.654034754529908642e-35	-8.798288689156809065e-34	9.328345724236464319e-34
0.000000000000000000e+00	0.000000000000000000e+00	0.000000000000000000e+00	0.000000000000000000e+00	0.000000000000000000e+00	0.000000000000000000e+00	0.000000000000000000e+00	0.000000000000000000e+00	0.000000000000000000e+00	0.000000000000000000e+00	0.000000000000000000e+00	0.000000000000000000e+00	0.000000000000000000e+00	0.000000000000000000e+00	0.000000000000000000e+00	0.000000000000000000e+00	0.000000000000000000e+00	0.000000000000000000e+00	0.000000000000000000e+00	0.000000000000000000e+00	0.000000000000000000e+00	0.000000000000000000e+00
