9.964182327621999776e-35	4.473166465759277344e-01	5.391606304166118249e-35	-6.123597197505214849e-35	1.790522634983062744e-01	-3.445783987750470117e-34	1.828520951967416155e-34	0.000000000000000000e+00	2.488178312778472900e-01	-4.912078077427551338e-35	-9.749193135228738400e-35	0.000000000000000000e+00	0.000000000000000000e+00	4.991835653781890869e-01	0.000000000000000000e+00	-7.719536423683166504e-01	0.000000000000000000e+00	-3.161217272281646729e-01	1.394689202308654785e+00	0.000000000000000000e+00	1.339287757873535156e-01	-2.030318677425384521e-01
-8.131331791188215126e-35	1.539522111415863037e-01	-1.536269293918364600e-34	7.780165481260778457e-35	3.432346582412719727e-01	0.000000000000000000e+00	4.821567882273490137e-34	3.561890228010576036e-35	-1.974290013313293457e-01	0.000000000000000000e+00	4.656195399552912957e-35	1.088498011339971446e-34	0.000000000000000000e+00	1.504851430654525757e-01	-2.984788221533770932e-35	4.045481234788894653e-02	7.436938923948051115e-35	-6.412658095359802246e-02	-9.080507606267929077e-02	6.070076044316188558e-35	1.072175800800323486e-02	-5.886566266417503357e-02
0.000000000000000000e+00	5.709758400917053223e-01	0.000000000000000000e+00	0.000000000000000000e+00	3.068692386150360107e-01	0.000000000000000000e+00	-1.124701607265241097e-33	-1.327331716338804252e-34	-6.249200105667114258e-01	0.000000000000000000e+00	0.000000000000000000e+00	0.000000000000000000e+00	0.000000000000000000e+00	5.528215318918228149e-02	0.000000000000000000e+00	-4.382508993148803711e-01	0.000000000000000000e+00	-4.089908301830291748e-02	-2.187321782112121582e-01	0.000000000000000000e+00	-5.850787833333015442e-02	-1.725659966468811035e-01
-1.502759898902755977e-34	-4.137572974291444484e-34	0.000000000000000000e+00	0.000000000000000000e+00	9.125013670548017558e-34	-7.218160943366421614e-35	1.414177675196161604e-34	0.000000000000000000e+00	-4.266360319038526619e-34	0.000000000000000000e+00	0.000000000000000000e+00	0.000000000000000000e+00	0.000000000000000000e+00	-3.855165163075568007e-35	1.196481746348013635e-34	-6.916775900841347241e-34	1.115905855990843133e-34	7.528332346986411796e-34	2.466655738644305342e-34	0.000000000000000000e+00	1.363168636086789084e-32	7.498760858046057836e-34
0.000000000000000000e+00	-5.189954638481140137e-01	0.000000000000000000e+00	0.000000000000000000e+00	3.067072331905364990e-01	0.000000000000000000e+00	-4.748241830366142054e-34	0.000000000000000000e+00	3.498671650886535645e-01	0.000000000000000000e+00	0.000000000000000000e+00	0.000000000000000000e+00	0.000000000000000000e+00	-6.894975900650024414e-02	0.000000000000000000e+00	-2.252055145800113678e-02	0.000000000000000000e+00	1.464052796363830566e-01	-1.093631386756896973e-01	0.000000000000000000e+00	-8.776039816439151764e-03	5.607845187187194824e-01
0.000000000000000000e+00	3.651902973651885986e-01	0.000000000000000000e+00	0.000000000000000000e+00	2.872344106435775757e-02	0.000000000000000000e+00	3.730385404586450411e-35	0.000000000000000000e+00	-3.532842993736267090e-01	0.000000000000000000e+00	0.000000000000000000e+00	0.000000000000000000e+00	0.000000000000000000e+00	4.210702478885650635e-01	0.000000000000000000e+00	-2.154386490583419800e-01	0.000000000000000000e+00	5.593266338109970093e-02	1.566862687468528748e-02	0.000000000000000000e+00	-4.900535196065902710e-02	-1.042803153395652771e-01
0.000000000000000000e+00	1.693305122489274635e-34	0.000000000000000000e+00	0.000000000000000000e+00	-8.995272154995853894e-34	0.000000000000000000e+00	-1.119280282420546402e-33	1.042766804112546760e-34	-6.902605224606688407e-34	0.000000000000000000e+00	0.000000000000000000e+00	0.000000000000000000e+00	0.000000000000000000e+00	1.127217716188977740e-33	0.000000000000000000e+00	-6.898674206193645593e-34	0.000000000000000000e+00	-7.238473807172867295e-37	-4.805289581402005405e-34	0.000000000000000000e+00	4.426382752738864726e-34	-9.337509988398070262e-34
-1.185917450047479116e-34	4.006543925083145783e-34	-9.159661481332874680e-35	0.000000000000000000e+00	9.991255661478115980e-34	0.000000000000000000e+00	8.387105701397091386e-35	-7.460890769289757198e-35	7.048714121461610055e-34	0.000000000000000000e+00	1.277215478964205683e-34	0.000000000000000000e+00	2.177856750867683664e-34	-4.513854226119428195e-34	2.383708540981965310e-34	-2.286651967278651903e-34	1.583999071130927570e-34	9.099406260799323288e-34	-7.519270020225541224e-34	0.000000000000000000e+00	3.463213715804158710e-08	9.997531699285553100e-34
0.000000000000000000e+00	0.000000000000000000e+00	0.000000000000000000e+00	0.000000000000000000e+00	0.000000000000000000e+00	0.000000000000000000e+00	0.000000000000000000e+00	0.000000000000000000e+00	0.000000000000000000e+00	0.000000000000000000e+00	0.000000000000000000e+00	0.000000000000000000e+00	0.000000000000000000e+00	0.000000000000000000e+00	0.000000000000000000e+00	0.000000000000000000e+00	0.000000000000000000e+00	0.000000000000000000e+00	0.000000000000000000e+00	0.000000000000000000e+00	0.000000000000000000e+00	0.000000000000000000e+00
0.000000000000000000e+00	1.810229299792354141e-09	0.000000000000000000e+00	0.000000000000000000e+00	5.615225617816577142e-08	0.000000000000000000e+00	4.376948623511979636e-34	0.000000000000000000e+00	2.997168214568385336e-13	0.000000000000000000e+00	0.000000000000000000e+00	0.000000000000000000e+00	0.000000000000000000e+00	-1.107055041939020157e-02	0.000000000000000000e+00	2.380724623799324036e-02	0.000000000000000000e+00	1.960188874281301730e-13	-6.402984913111975374e-12	0.000000000000000000e+00	1.343798228074788437e-12	1.307040656683966517e-04
0.000000000000000000e+00	-5.459441617131233215e-02	0.000000000000000000e+00	0.000000000000000000e+00	-2.841872274875640869e-01	0.000000000000000000e+00	0.000000000000000000e+00	0.000000000000000000e+00	9.164699912071228027e-02	0.000000000000000000e+00	0.000000000000000000e+00	0.000000000000000000e+00	0.000000000000000000e+00	-4.102571308612823486e-01	0.000000000000000000e+00	3.347783386707305908e-01	0.000000000000000000e+00	-3.210381567478179932e-01	-1.352414488792419434e-01	0.000000000000000000e+00	3.454152494668960571e-02	-2.566535472869873047e-01
0.000000000000000000e+00	0.000000000000000000e+00	0.000000000000000000e+00	0.000000000000000000e+00	0.000000000000000000e+00	0.000000000000000000e+00	0.000000000000000000e+00	0.000000000000000000e+00	0.000000000000000000e+00	0.000000000000000000e+00	0.000000000000000000e+00	0.000000000000000000e+00	0.000000000000000000e+00	0.000000000000000000e+00	0.000000000000000000e+00	0.000000000000000000e+00	0.000000000000000000e+00	0.000000000000000000e+00	0.000000000000000000e+00	0.000000000000000000e+00	0.000000000000000000e+00	0.000000000000000000e+00
0.000000000000000000e+00	0.000000000000000000e+00	0.000000000000000000e+00	0.000000000000000000e+00	0.000000000000000000e+00	0.000000000000000000e+00	0.000000000000000000e+00	0.000000000000000000e+00	0.000000000000000000e+00	0.000000000000000000e+00	0.000000000000000000e+00	0.000000000000000000e+00	0.000000000000000000e+00	0.000000000000000000e+00	0.000000000000000000e+00	0.000000000000000000e+00	0.000000000000000000e+00	0.000000000000000000e+00	0.000000000000000000e+00	0.000000000000000000e+00	0.000000000000000000e+00	0.000000000000000000e+00
0.000000000000000000e+00	4.667174380301730707e-08	0.000000000000000000e+00	0.000000000000000000e+00	5.000858041213136461e-20	0.000000000000000000e+00	1.041897948483396005e-33	0.000000000000000000e+00	-1.885325561767346046e-22	0.000000000000000000e+00	0.000000000000000000e+00	0.000000000000000000e+00	0.000000000000000000e+00	-4.185670901307274130e-20	0.000000000000000000e+00	1.587586908598998801e-20	0.000000000000000000e+00	9.160060435533523560e-04	8.275479856933998235e-09	0.000000000000000000e+00	7.217836994755089108e-09	2.303887433551630986e-21
0.000000000000000000e+00	0.000000000000000000e+00	0.000000000000000000e+00	0.000000000000000000e+00	0.000000000000000000e+00	0.000000000000000000e+00	0.000000000000000000e+00	0.000000000000000000e+00	0.000000000000000000e+00	0.000000000000000000e+00	0.000000000000000000e+00	0.000000000000000000e+00	0.000000000000000000e+00	0.000000000000000000e+00	0.000000000000000000e+00	0.000000000000000000e+00	0.000000000000000000e+00	0.000000000000000000e+00	0.000000000000000000e+00	0.000000000000000000e+00	0.000000000000000000e+00	0.000000000000000000e+00
0.000000000000000000e+00	-1.467632800340652466e-01	-2.711039636647816545e-34	-2.123944091479098837e-35	-4.140263795852661133e-01	1.318868960573475165e-34	7.075968141656417107e-34	-6.124931682058760659e-35	3.891586661338806152e-01	0.000000000000000000e+00	0.000000000000000000e+00	0.000000000000000000e+00	-6.192189703557469472e-35	-7.168148756027221680e-01	0.000000000000000000e+00	1.633543372154235840e+00	1.553969897036596221e-34	-9.485964477062225342e-02	-3.220638930797576904e-01	0.000000000000000000e+00	7.333770394325256348e-02	5.935787558555603027e-01
-1.349170886091395748e-34	-2.969296019456578450e-14	-7.162229682375099042e-35	-2.196133966107417273e-35	1.509321020690622926e-15	-2.013191344070337917e-34	6.117673922797394613e-34	1.988220124721278132e-35	-4.591215374463025745e-14	0.000000000000000000e+00	3.440666799110176649e-35	4.172875227780797491e-35	0.000000000000000000e+00	2.969407705832871613e-12	4.196919769576438046e-35	-1.774943717393687170e-13	2.335812885904466968e-35	5.726473813096998738e-15	1.778214552060168596e-14	-2.812478428036233996e-35	3.430735852198198155e-15	8.990459879386694664e-14
0.000000000000000000e+00	2.172518670558929443e-01	0.000000000000000000e+00	0.000000000000000000e+00	-8.180303871631622314e-02	0.000000000000000000e+00	3.764167091848167478e-34	0.000000000000000000e+00	-1.225333586335182190e-01	8.010402235875521311e-35	0.000000000000000000e+00	0.000000000000000000e+00	0.000000000000000000e+00	1.093120425939559937e-01	-1.043749673510177661e-34	9.267377108335494995e-02	-1.014405247834074334e-34	-8.142668753862380981e-02	-4.764824360609054565e-02	0.000000000000000000e+00	2.284432761371135712e-02	-2.786483168601989746e-01
0.000000000000000000e+00	1.895136083476245403e-04	-5.758334712889377516e-35	5.440919095743704592e-35	-2.511386099079970791e-10	0.000000000000000000e+00	-3.525340274511546521e-35	-8.665206542637528273e-35	2.468157035764306784e-04	0.000000000000000000e+00	5.582686125134646613e-35	5.515453932369232234e-35	5.114274011234153551e-35	-1.012235260888783017e-11	0.000000000000000000e+00	5.827554900861287024e-07	7.944500509860695830e-35	-1.921697185025550425e-05	-7.640809053555130959e-04	8.223077173765601308e-35	-6.218034798166627297e-08	6.499479059129953384e-05
0.000000000000000000e+00	6.754698538152689073e-29	0.000000000000000000e+00	0.000000000000000000e+00	1.114752626862190763e-29	0.000000000000000000e+00	-2.587660713858218907e-34	0.000000000000000000e+00	-2.627277555900263855e-28	0.000000000000000000e+00	0.000000000000000000e+00	0.000000000000000000e+00	0.000000000000000000e+00	3.463904027451006813e-27	0.000000000000000000e+00	2.666051821988125978e-28	0.000000000000000000e+00	-8.549769246538589799e-28	-5.544044530636289712e-28	0.000000000000000000e+00	1.109591435537786781e-28	5.446665853381176731e-27
0.000000000000000000e+00	5.004760622978210449e-01	0.000000000000000000e+00	0.000000000000000000e+00	-2.905777096748352051e-01	0.000000000000000000e+00	8.958188063292295463e-34	0.000000000000000000e+00	-4.178913533687591553e-01	0.000000000000000000e+00	0.000000000000000000e+00	0.000000000000000000e+00	0.000000000000000000e+00	-1.543869376182556152e-01	0.000000000000000000e+00	9.686156362295150757e-02	0.000000000000000000e+00	-1.750037372112274170e-01	-2.349893152713775635e-01	0.000000000000000000e+00	-9.820444509387016296e-03	-8.021237701177597046e-02
0.000000000000000000e+00	-1.146282397849392083e-33	0.000000000000000000e+00	0.000000000000000000e+00	1.631931460406889108e-34	0.000000000000000000e+00	-7.077239144923243705e-34	0.000000000000000000e+00	7.437586019812854361e-34	-1.012160443924862436e-34	0.000000000000000000e+00	0.000000000000000000e+00	0.000000000000000000e+00	2.104107704665031874e-33	0.000000000000000000e+00	4.478602252564221688e-34	6.640560442337033914e-35	-7.154249636936450395e-34	-8.223629908658102218e-34	0.000000000000000000e+00	3.423627296769912367e-34	-8.490209252221549843e-33
-1.576725470246474271e-34	-4.768187622516961710e-09	0.000000000000000000e+00	0.000000000000000000e+00	-7.807045730986222484e-34	0.000000000000000000e+00	1.621435237167881700e-34	0.000000000000000000e+00	-1.456793938814371359e-06	0.000000000000000000e+00	0.000000000000000000e+00	0.000000000000000000e+00	0.000000000000000000e+00	-8.106862958712213185e-10	1.010246821773670294e-34	6.576602110119900146e-12	0.000000000000000000e+00	-2.926822673110507367e-10	1.172804041382757845e-12	0.000000000000000000e+00	-4.130460951046188711e-08	-4.893806180916726589e-05
0.000000000000000000e+00	0.000000000000000000e+00	0.000000000000000000e+00	0.000000000000000000e+00	0.000000000000000000e+00	0.000000000000000000e+00	0.000000000000000000e+00	0.000000000000000000e+00	0.000000000000000000e+00	0.000000000000000000e+00	0.000000000000000000e+00	0.000000000000000000e+00	0.000000000000000000e+00	0.000000000000000000e+00	0.000000000000000000e+00	0.000000000000000000e+00	0.000000000000000000e+00	0.000000000000000000e+00	0.000000000000000000e+00	0.000000000000000000e+00	0.000000000000000000e+00	0.000000000000000000e+00
0.000000000000000000e+00	1.940880789419452412e-10	0.000000000000000000e+00	0.000000000000000000e+00	3.186820433313710082e-32	0.000000000000000000e+00	-7.461733245172636570e-34	0.000000000000000000e+00	-2.950313501060009003e-05	0.000000000000000000e+00	0.000000000000000000e+00	0.000000000000000000e+00	0.000000000000000000e+00	-1.375004894416730091e-31	0.000000000000000000e+00	-7.094813703822998483e-34	0.000000000000000000e+00	-9.868924280453938991e-06	1.398295862600207329e-04	0.000000000000000000e+00	-6.377029508276629516e-19	2.332087092327128630e-07
0.000000000000000000e+00	0.000000000000000000e+00	0.000000000000000000e+00	0.000000000000000000e+00	0.000000000000000000e+00	0.000000000000000000e+00	0.000000000000000000e+00	0.000000000000000000e+00	0.000000000000000000e+00	0.000000000000000000e+00	0.000000000000000000e+00	0.000000000000000000e+00	0.000000000000000000e+00	0.000000000000000000e+00	0.000000000000000000e+00	0.000000000000000000e+00	0.000000000000000000e+00	0.000000000000000000e+00	0.000000000000000000e+00	0.000000000000000000e+00	0.000000000000000000e+00	0.000000000000000000e+00
0.000000000000000000e+00	0.000000000000000000e+00	0.000000000000000000e+00	0.000000000000000000e+00	0.000000000000000000e+00	0.000000000000000000e+00	0.000000000000000000e+00	0.000000000000000000e+00	0.000000000000000000e+00	0.000000000000000000e+00	0.000000000000000000e+00	0.000000000000000000e+00	0.000000000000000000e+00	0.000000000000000000e+00	0.000000000000000000e+00	0.000000000000000000e+00	0.000000000000000000e+00	0.000000000000000000e+00	0.000000000000000000e+00	0.000000000000000000e+00	0.000000000000000000e+00	0.000000000000000000e+00
0.000000000000000000e+00	0.000000000000000000e+00	0.000000000000000000e+00	0.000000000000000000e+00	0.000000000000000000e+00	0.000000000000000000e+00	0.000000000000000000e+00	0.000000000000000000e+00	0.000000000000000000e+00	0.000000000000000000e+00	0.000000000000000000e+00	0.000000000000000000e+00	0.000000000000000000e+00	0.000000000000000000e+00	0.000000000000000000e+00	0.000000000000000000e+00	0.000000000000000000e+00	0.000000000000000000e+00	0.000000000000000000e+00	0.000000000000000000e+00	0.000000000000000000e+00	0.000000000000000000e+00
0.000000000000000000e+00	1.076813069438695000e-33	0.000000000000000000e+00	0.000000000000000000e+00	-1.067745599890039579e-34	0.000000000000000000e+00	-4.527447716260734054e-34	8.021960307038855492e-35	-2.601201857766714711e-34	0.000000000000000000e+00	0.000000000000000000e+00	0.000000000000000000e+00	0.000000000000000000e+00	8.845352544227856401e-34	0.000000000000000000e+00	5.301984158259904823e-34	0.000000000000000000e+00	-4.213685315152226020e-34	-6.281536916947059912e-34	0.000000000000000000e+00	6.661497098751132750e-34	-1.719505789543149527e-34
0.000000000000000000e+00	0.000000000000000000e+00	0.000000000000000000e+00	0.000000000000000000e+00	0.000000000000000000e+00	0.000000000000000000e+00	0.000000000000000000e+00	0.000000000000000000e+00	0.000000000000000000e+00	0.000000000000000000e+00	0.000000000000000000e+00	0.000000000000000000e+00	0.000000000000000000e+00	0.000000000000000000e+00	0.000000000000000000e+00	0.000000000000000000e+00	0.000000000000000000e+00	0.000000000000000000e+00	0.000000000000000000e+00	0.000000000000000000e+00	0.000000000000000000e+00	0.000000000000000000e+00
-3.733996548486937922e-35	-1.913676857948303223e-01	2.928152123109435777e-35	1.588950267111915469e-34	1.973742097616195679e-01	-2.985363513520015648e-34	-5.028961819957004850e-34	0.000000000000000000e+00	2.158535718917846680e-01	-4.819165810077107680e-35	0.000000000000000000e+00	0.000000000000000000e+00	-9.138270698390274577e-35	1.500150114297866821e-01	2.859378299349454219e-34	-3.508490920066833496e-01	-1.050000915733652122e-34	2.278668135404586792e-01	5.172723531723022461e-01	-9.925847895638250295e-35	-5.476479604840278625e-02	-1.171549595892429352e-02
6.220011267118532910e-35	-4.183514509350061417e-03	1.167250507920925032e-34	-1.034139318425984275e-34	-7.455012761056423187e-03	0.000000000000000000e+00	-6.926776327195471694e-34	1.790470521255535261e-34	-4.844182729721069336e-02	0.000000000000000000e+00	-7.423679600218390146e-35	-7.903808201513089924e-35	-5.914858558569206750e-35	2.380158938467502594e-02	-7.406214784736544168e-35	3.502400964498519897e-02	-1.957375336626693624e-34	3.945673815906047821e-03	5.215283855795860291e-02	-1.497517125221466456e-34	2.638614387251436710e-04	-8.886950463056564331e-02
0.000000000000000000e+00	-4.485276043415069580e-01	3.546797752983231365e-34	0.000000000000000000e+00	7.695034146308898926e-02	-1.067780864720564248e-33	3.389115287724998875e-34	6.680808496471975537e-35	5.781051516532897949e-01	3.172902329948247167e-35	0.000000000000000000e+00	0.000000000000000000e+00	0.000000000000000000e+00	-2.180669009685516357e-01	-2.255759424726065239e-34	4.753421247005462646e-01	0.000000000000000000e+00	4.161196947097778320e-01	5.683547854423522949e-01	0.000000000000000000e+00	-6.543094664812088013e-02	1.834647208452224731e-01
-1.387147504023239656e-34	1.697492989813191577e-14	0.000000000000000000e+00	0.000000000000000000e+00	1.357923664599457528e-14	8.455546678880685324e-35	6.464006241795815020e-34	-3.406452624058740542e-35	7.261685454611633422e-15	0.000000000000000000e+00	1.003443877807026700e-34	0.000000000000000000e+00	1.195631349653590636e-34	-9.407376875799814244e-17	0.000000000000000000e+00	3.900857349132700810e-15	1.006577419730307558e-34	-4.637760343134417901e-15	3.512071682738523992e-14	1.475929355139607462e-34	7.928235325194155081e-12	-7.049260708747687610e-16
0.000000000000000000e+00	-7.536198012530803680e-03	0.000000000000000000e+00	0.000000000000000000e+00	3.463027067482471466e-03	0.000000000000000000e+00	0.000000000000000000e+00	0.000000000000000000e+00	4.927834123373031616e-02	0.000000000000000000e+00	0.000000000000000000e+00	0.000000000000000000e+00	0.000000000000000000e+00	-8.275945484638214111e-02	0.000000000000000000e+00	-1.574881561100482941e-02	0.000000000000000000e+00	-6.118815857917070389e-03	-4.530408605933189392e-02	0.000000000000000000e+00	-9.289375157095491886e-06	3.400576533749699593e-03
0.000000000000000000e+00	6.130248308181762695e-01	0.000000000000000000e+00	0.000000000000000000e+00	9.106694906949996948e-02	0.000000000000000000e+00	5.558940335687445023e-34	0.000000000000000000e+00	-8.358322381973266602e-01	0.000000000000000000e+00	0.000000000000000000e+00	0.000000000000000000e+00	0.000000000000000000e+00	6.065601706504821777e-01	0.000000000000000000e+00	-1.454044342041015625e+00	0.000000000000000000e+00	-6.149891018867492676e-01	-5.735446214675903320e-01	0.000000000000000000e+00	8.571913838386535645e-02	2.766766846179962158e-01
0.000000000000000000e+00	-1.135064508322701141e-33	0.000000000000000000e+00	0.000000000000000000e+00	5.968589096689473260e-34	0.000000000000000000e+00	-6.502274552222330748e-34	0.000000000000000000e+00	-4.657212190686937216e-34	0.000000000000000000e+00	0.000000000000000000e+00	0.000000000000000000e+00	0.000000000000000000e+00	-4.940746019880080862e-34	0.000000000000000000e+00	-9.812415216260043895e-34	0.000000000000000000e+00	6.028724816283649065e-34	-2.402833512645607375e-34	0.000000000000000000e+00	2.225886715358313068e-34	-6.601374236126419064e-35
-1.640600386861092886e-34	8.864596839710278502e-18	0.000000000000000000e+00	0.000000000000000000e+00	1.081903272127097059e-16	6.361827658088659851e-35	7.455609654288821716e-34	-1.107961282012585511e-34	-1.281960939914436061e-16	0.000000000000000000e+00	0.000000000000000000e+00	0.000000000000000000e+00	0.000000000000000000e+00	-2.956755858799878594e-18	0.000000000000000000e+00	1.156111696287148304e-16	9.811638976728768474e-35	-3.149530548709545460e-17	2.680990568166684990e-15	0.000000000000000000e+00	2.700699941460271702e-10	-3.381084871942739603e-17
0.000000000000000000e+00	0.000000000000000000e+00	0.000000000000000000e+00	0.000000000000000000e+00	0.000000000000000000e+00	0.000000000000000000e+00	0.000000000000000000e+00	0.000000000000000000e+00	0.000000000000000000e+00	0.000000000000000000e+00	0.000000000000000000e+00	0.000000000000000000e+00	0.000000000000000000e+00	0.000000000000000000e+00	0.000000000000000000e+00	0.000000000000000000e+00	0.000000000000000000e+00	0.000000000000000000e+00	0.000000000000000000e+00	0.000000000000000000e+00	0.000000000000000000e+00	0.000000000000000000e+00
0.000000000000000000e+00	0.000000000000000000e+00	0.000000000000000000e+00	0.000000000000000000e+00	0.000000000000000000e+00	0.000000000000000000e+00	0.000000000000000000e+00	0.000000000000000000e+00	0.000000000000000000e+00	0.000000000000000000e+00	0.000000000000000000e+00	0.000000000000000000e+00	0.000000000000000000e+00	0.000000000000000000e+00	0.000000000000000000e+00	0.000000000000000000e+00	0.000000000000000000e+00	0.000000000000000000e+00	0.000000000000000000e+00	0.000000000000000000e+00	0.000000000000000000e+00	0.000000000000000000e+00
0.000000000000000000e+00	0.000000000000000000e+00	0.000000000000000000e+00	0.000000000000000000e+00	0.000000000000000000e+00	0.000000000000000000e+00	0.000000000000000000e+00	0.000000000000000000e+00	0.000000000000000000e+00	0.000000000000000000e+00	0.000000000000000000e+00	0.000000000000000000e+00	0.000000000000000000e+00	0.000000000000000000e+00	0.000000000000000000e+00	0.000000000000000000e+00	0.000000000000000000e+00	0.000000000000000000e+00	0.000000000000000000e+00	0.000000000000000000e+00	0.000000000000000000e+00	0.000000000000000000e+00
0.000000000000000000e+00	0.000000000000000000e+00	0.000000000000000000e+00	0.000000000000000000e+00	0.000000000000000000e+00	0.000000000000000000e+00	0.000000000000000000e+00	0.000000000000000000e+00	0.000000000000000000e+00	0.000000000000000000e+00	0.000000000000000000e+00	0.000000000000000000e+00	0.000000000000000000e+00	0.000000000000000000e+00	0.000000000000000000e+00	0.000000000000000000e+00	0.000000000000000000e+00	0.000000000000000000e+00	0.000000000000000000e+00	0.000000000000000000e+00	0.000000000000000000e+00	0.000000000000000000e+00
0.000000000000000000e+00	-7.461831718683242798e-02	0.000000000000000000e+00	0.000000000000000000e+00	-5.706820264458656311e-02	0.000000000000000000e+00	-5.222598570727312085e-35	0.000000000000000000e+00	1.273176968097686768e-01	0.000000000000000000e+00	0.000000000000000000e+00	0.000000000000000000e+00	0.000000000000000000e+00	-2.678442299365997314e-01	0.000000000000000000e+00	1.667612940073013306e-01	0.000000000000000000e+00	1.733605191111564636e-02	1.823491789400577545e-02	0.000000000000000000e+00	2.764401724562048912e-03	4.777947068214416504e-02
0.000000000000000000e+00	3.844799575829845342e-34	0.000000000000000000e+00	0.000000000000000000e+00	3.533935502980083511e-34	0.000000000000000000e+00	0.000000000000000000e+00	0.000000000000000000e+00	-7.032679643832424789e-35	0.000000000000000000e+00	0.000000000000000000e+00	0.000000000000000000e+00	0.000000000000000000e+00	7.606926082953382255e-34	0.000000000000000000e+00	-8.293749065039613248e-34	0.000000000000000000e+00	-5.260750479662447559e-34	-1.818443842973999779e-34	0.000000000000000000e+00	6.853528794637338693e-34	-3.862017813004507114e-35
0.000000000000000000e+00	-6.695527660207437974e-34	0.000000000000000000e+00	0.000000000000000000e+00	-8.839647576269728134e-32	0.000000000000000000e+00	5.031357348874286051e-34	0.000000000000000000e+00	3.455164332422100415e-08	0.000000000000000000e+00	0.000000000000000000e+00	0.000000000000000000e+00	0.000000000000000000e+00	-9.480760505435074434e-34	0.000000000000000000e+00	3.724215161270587297e-33	0.000000000000000000e+00	-1.148751649360235660e-10	3.182778840482569649e-08	0.000000000000000000e+00	-1.774338613813597476e-07	-9.957465709021744694e-34
9.566369325364813446e-35	-9.982895851135253906e-02	0.000000000000000000e+00	0.000000000000000000e+00	3.908955305814743042e-02	0.000000000000000000e+00	1.151975004749737485e-33	0.000000000000000000e+00	3.112674504518508911e-02	0.000000000000000000e+00	0.000000000000000000e+00	0.000000000000000000e+00	0.000000000000000000e+00	5.590816736221313477e-01	0.000000000000000000e+00	-8.499566912651062012e-01	0.000000000000000000e+00	1.146413758397102356e-02	1.253977566957473755e-01	0.000000000000000000e+00	2.542722597718238831e-02	-2.602062523365020752e-01
0.000000000000000000e+00	-2.014172673225402832e-01	0.000000000000000000e+00	0.000000000000000000e+00	6.741428375244140625e-02	0.000000000000000000e+00	7.819102813276805150e-34	0.000000000000000000e+00	7.786653935909271240e-02	0.000000000000000000e+00	0.000000000000000000e+00	0.000000000000000000e+00	0.000000000000000000e+00	3.534816950559616089e-02	0.000000000000000000e+00	8.691857755184173584e-02	0.000000000000000000e+00	8.111963048577308655e-03	-2.396815419197082520e-01	0.000000000000000000e+00	4.457648843526840210e-03	-4.302907288074493408e-01
0.000000000000000000e+00	1.892090775072574615e-02	0.000000000000000000e+00	0.000000000000000000e+00	2.740185940638184547e-03	0.000000000000000000e+00	-9.211736684634893399e-34	0.000000000000000000e+00	3.011286207765806466e-05	0.000000000000000000e+00	0.000000000000000000e+00	0.000000000000000000e+00	0.000000000000000000e+00	3.345692157745361328e-01	0.000000000000000000e+00	3.147418200969696045e-01	0.000000000000000000e+00	-8.849729965731967241e-06	-6.557730375789105892e-05	0.000000000000000000e+00	-3.494000338832847774e-06	1.761188656091690063e-01
-1.204906275588066958e-34	2.654491210174469984e-11	0.000000000000000000e+00	0.000000000000000000e+00	-7.471921692481231503e-11	0.000000000000000000e+00	0.000000000000000000e+00	0.000000000000000000e+00	-4.419433569102793058e-12	0.000000000000000000e+00	0.000000000000000000e+00	0.000000000000000000e+00	0.000000000000000000e+00	8.168084806615960591e-13	0.000000000000000000e+00	-1.068217216071420950e-11	2.585036973732985098e-34	4.369386519265106017e-10	1.434206226003098550e-11	0.000000000000000000e+00	4.502129571926083429e-12	-4.538383124169653726e-12
0.000000000000000000e+00	0.000000000000000000e+00	0.000000000000000000e+00	0.000000000000000000e+00	0.000000000000000000e+00	0.000000000000000000e+00	0.000000000000000000e+00	0.000000000000000000e+00	0.000000000000000000e+00	0.000000000000000000e+00	0.000000000000000000e+00	0.000000000000000000e+00	0.000000000000000000e+00	0.000000000000000000e+00	0.000000000000000000e+00	0.000000000000000000e+00	0.000000000000000000e+00	0.000000000000000000e+00	0.000000000000000000e+00	0.000000000000000000e+00	0.000000000000000000e+00	0.000000000000000000e+00
0.000000000000000000e+00	0.000000000000000000e+00	0.000000000000000000e+00	0.000000000000000000e+00	0.000000000000000000e+00	0.000000000000000000e+00	0.000000000000000000e+00	0.000000000000000000e+00	0.000000000000000000e+00	0.000000000000000000e+00	0.000000000000000000e+00	0.000000000000000000e+00	0.000000000000000000e+00	0.000000000000000000e+00	0.000000000000000000e+00	0.000000000000000000e+00	0.000000000000000000e+00	0.000000000000000000e+00	0.000000000000000000e+00	0.000000000000000000e+00	0.000000000000000000e+00	0.000000000000000000e+00
0.000000000000000000e+00	0.000000000000000000e+00	0.000000000000000000e+00	0.000000000000000000e+00	0.000000000000000000e+00	0.000000000000000000e+00	0.000000000000000000e+00	0.000000000000000000e+00	0.000000000000000000e+00	0.000000000000000000e+00	0.000000000000000000e+00	0.000000000000000000e+00	0.000000000000000000e+00	0.000000000000000000e+00	0.000000000000000000e+00	0.000000000000000000e+00	0.000000000000000000e+00	0.000000000000000000e+00	0.000000000000000000e+00	0.000000000000000000e+00	0.000000000000000000e+00	0.000000000000000000e+00
0.000000000000000000e+00	1.550384473580912470e-11	0.000000000000000000e+00	0.000000000000000000e+00	1.554136333514755108e-11	0.000000000000000000e+00	0.000000000000000000e+00	0.000000000000000000e+00	-6.401224936780636199e-07	0.000000000000000000e+00	0.000000000000000000e+00	0.000000000000000000e+00	0.000000000000000000e+00	-2.882108546503441004e-14	0.000000000000000000e+00	2.618285904927575292e-13	0.000000000000000000e+00	1.333256591351528186e-06	-1.216913028678767716e-11	0.000000000000000000e+00	-6.727749024548757006e-09	-1.646687343773156620e-13
0.000000000000000000e+00	0.000000000000000000e+00	0.000000000000000000e+00	0.000000000000000000e+00	0.000000000000000000e+00	0.000000000000000000e+00	0.000000000000000000e+00	0.000000000000000000e+00	0.000000000000000000e+00	0.000000000000000000e+00	0.000000000000000000e+00	0.000000000000000000e+00	0.000000000000000000e+00	0.000000000000000000e+00	0.000000000000000000e+00	0.000000000000000000e+00	0.000000000000000000e+00	0.000000000000000000e+00	0.000000000000000000e+00	0.000000000000000000e+00	0.000000000000000000e+00	0.000000000000000000e+00
0.000000000000000000e+00	0.000000000000000000e+00	0.000000000000000000e+00	0.000000000000000000e+00	0.000000000000000000e+00	0.000000000000000000e+00	0.000000000000000000e+00	0.000000000000000000e+00	0.000000000000000000e+00	0.000000000000000000e+00	0.000000000000000000e+00	0.000000000000000000e+00	0.000000000000000000e+00	0.000000000000000000e+00	0.000000000000000000e+00	0.000000000000000000e+00	0.000000000000000000e+00	0.000000000000000000e+00	0.000000000000000000e+00	0.000000000000000000e+00	0.000000000000000000e+00	0.000000000000000000e+00
0.000000000000000000e+00	0.000000000000000000e+00	0.000000000000000000e+00	0.000000000000000000e+00	0.000000000000000000e+00	0.000000000000000000e+00	0.000000000000000000e+00	0.000000000000000000e+00	0.000000000000000000e+00	0.000000000000000000e+00	0.000000000000000000e+00	0.000000000000000000e+00	0.000000000000000000e+00	0.000000000000000000e+00	0.000000000000000000e+00	0.000000000000000000e+00	0.000000000000000000e+00	0.000000000000000000e+00	0.000000000000000000e+00	0.000000000000000000e+00	0.000000000000000000e+00	0.000000000000000000e+00
0.000000000000000000e+00	0.000000000000000000e+00	0.000000000000000000e+00	0.000000000000000000e+00	0.000000000000000000e+00	0.000000000000000000e+00	0.000000000000000000e+00	0.000000000000000000e+00	0.000000000000000000e+00	0.000000000000000000e+00	0.000000000000000000e+00	0.000000000000000000e+00	0.000000000000000000e+00	0.000000000000000000e+00	0.000000000000000000e+00	0.000000000000000000e+00	0.000000000000000000e+00	0.000000000000000000e+00	0.000000000000000000e+00	0.000000000000000000e+00	0.000000000000000000e+00	0.000000000000000000e+00
0.000000000000000000e+00	0.000000000000000000e+00	0.000000000000000000e+00	0.000000000000000000e+00	0.000000000000000000e+00	0.000000000000000000e+00	0.000000000000000000e+00	0.000000000000000000e+00	0.000000000000000000e+00	0.000000000000000000e+00	0.000000000000000000e+00	0.000000000000000000e+00	0.000000000000000000e+00	0.000000000000000000e+00	0.000000000000000000e+00	0.000000000000000000e+00	0.000000000000000000e+00	0.000000000000000000e+00	0.000000000000000000e+00	0.000000000000000000e+00	0.000000000000000000e+00	0.000000000000000000e+00
0.000000000000000000e+00	0.000000000000000000e+00	0.000000000000000000e+00	0.000000000000000000e+00	0.000000000000000000e+00	0.000000000000000000e+00	0.000000000000000000e+00	0.000000000000000000e+00	0.000000000000000000e+00	0.000000000000000000e+00	0.000000000000000000e+00	0.000000000000000000e+00	0.000000000000000000e+00	0.000000000000000000e+00	0.000000000000000000e+00	0.000000000000000000e+00	0.000000000000000000e+00	0.000000000000000000e+00	0.000000000000000000e+00	0.000000000000000000e+00	0.000000000000000000e+00	0.000000000000000000e+00
0.000000000000000000e+00	0.000000000000000000e+00	0.000000000000000000e+00	0.000000000000000000e+00	0.000000000000000000e+00	0.000000000000000000e+00	0.000000000000000000e+00	0.000000000000000000e+00	0.000000000000000000e+00	0.000000000000000000e+00	0.000000000000000000e+00	0.000000000000000000e+00	0.000000000000000000e+00	0.000000000000000000e+00	0.000000000000000000e+00	0.000000000000000000e+00	0.000000000000000000e+00	0.000000000000000000e+00	0.000000000000000000e+00	0.000000000000000000e+00	0.000000000000000000e+00	0.000000000000000000e+00
2.304145710941787649e-34	4.492739215493202209e-02	2.685454497006940588e-34	0.000000000000000000e+00	5.121194720268249512e-01	0.000000000000000000e+00	5.944376668127418877e-34	1.160320601380843015e-34	-1.987699232995510101e-02	0.000000000000000000e+00	-8.442386652281245184e-35	-3.711899493181697767e-35	0.000000000000000000e+00	-5.560647323727607727e-02	-7.096342305656548247e-35	-1.054320558905601501e-01	-3.464950285387383277e-34	-3.493163734674453735e-02	4.740210473537445068e-01	-5.382854381382261686e-35	-1.306615537032485008e-03	3.511726483702659607e-02
0.000000000000000000e+00	-2.390436381101608276e-01	4.223531457872805048e-34	0.000000000000000000e+00	2.004402279853820801e-01	0.000000000000000000e+00	3.313357661468127580e-34	-1.273110317491573279e-34	9.518773108720779419e-02	0.000000000000000000e+00	0.000000000000000000e+00	0.000000000000000000e+00	0.000000000000000000e+00	6.327681243419647217e-02	1.383021909152712098e-34	7.032687962055206299e-02	0.000000000000000000e+00	1.445985883474349976e-01	8.330273628234863281e-02	0.000000000000000000e+00	-2.709774859249591827e-02	-3.944361954927444458e-02
0.000000000000000000e+00	0.000000000000000000e+00	0.000000000000000000e+00	0.000000000000000000e+00	0.000000000000000000e+00	0.000000000000000000e+00	0.000000000000000000e+00	0.000000000000000000e+00	0.000000000000000000e+00	0.000000000000000000e+00	0.000000000000000000e+00	0.000000000000000000e+00	0.000000000000000000e+00	0.000000000000000000e+00	0.000000000000000000e+00	0.000000000000000000e+00	0.000000000000000000e+00	0.000000000000000000e+00	0.000000000000000000e+00	0.000000000000000000e+00	0.000000000000000000e+00	0.000000000000000000e+00
1.026622583065452695e-34	4.359536245465278625e-02	1.313175848577900895e-34	-9.879483597459186457e-35	-1.068326272070407867e-02	0.000000000000000000e+00	8.210854443198823666e-35	0.000000000000000000e+00	-2.628443017601966858e-02	0.000000000000000000e+00	-6.388879525397549124e-35	-1.558992150732736366e-34	0.000000000000000000e+00	6.250520050525665283e-02	-1.110577445709386285e-34	1.253363192081451416e-01	0.000000000000000000e+00	8.784009260125458241e-04	-2.708389365579932928e-04	0.000000000000000000e+00	-9.470252553001046181e-04	8.609476685523986816e-02
0.000000000000000000e+00	3.765931725502014160e-01	0.000000000000000000e+00	0.000000000000000000e+00	-1.003855615854263306e-01	0.000000000000000000e+00	-5.758361574772003728e-34	0.000000000000000000e+00	-1.752030998468399048e-01	0.000000000000000000e+00	0.000000000000000000e+00	0.000000000000000000e+00	0.000000000000000000e+00	-1.501754764467477798e-02	0.000000000000000000e+00	-1.568485349416732788e-01	0.000000000000000000e+00	4.113435000181198120e-02	3.455361723899841309e-01	0.000000000000000000e+00	5.586831830441951752e-03	-3.369925916194915771e-02
0.000000000000000000e+00	0.000000000000000000e+00	0.000000000000000000e+00	0.000000000000000000e+00	0.000000000000000000e+00	0.000000000000000000e+00	0.000000000000000000e+00	0.000000000000000000e+00	0.000000000000000000e+00	0.000000000000000000e+00	0.000000000000000000e+00	0.000000000000000000e+00	0.000000000000000000e+00	0.000000000000000000e+00	0.000000000000000000e+00	0.000000000000000000e+00	0.000000000000000000e+00	0.000000000000000000e+00	0.000000000000000000e+00	0.000000000000000000e+00	0.000000000000000000e+00	0.000000000000000000e+00
0.000000000000000000e+00	4.018857850951462751e-07	0.000000000000000000e+00	0.000000000000000000e+00	4.974507261067628860e-03	0.000000000000000000e+00	-9.935359986741554630e-34	0.000000000000000000e+00	1.774107545315928292e-07	0.000000000000000000e+00	0.000000000000000000e+00	0.000000000000000000e+00	0.000000000000000000e+00	-4.259555716998875141e-04	0.000000000000000000e+00	3.745397785678505898e-03	0.000000000000000000e+00	1.712594865921346354e-07	4.872109639109112322e-05	0.000000000000000000e+00	-3.800455772307032021e-08	-1.177046655698177346e-07
0.000000000000000000e+00	-4.402571171522140503e-02	-1.084837563257484114e-34	0.000000000000000000e+00	-2.877307124435901642e-02	0.000000000000000000e+00	1.815637235417041370e-34	0.000000000000000000e+00	-4.429795953910797834e-04	0.000000000000000000e+00	-7.379364381547351487e-35	7.118978607515791106e-35	0.000000000000000000e+00	8.195874979719519615e-04	5.779111919923272040e-35	8.748068474233150482e-03	0.000000000000000000e+00	-4.615148529410362244e-03	-1.128037944436073303e-01	9.956977832948405366e-35	-1.357455737888813019e-03	5.012354254722595215e-02
0.000000000000000000e+00	0.000000000000000000e+00	0.000000000000000000e+00	0.000000000000000000e+00	0.000000000000000000e+00	0.000000000000000000e+00	0.000000000000000000e+00	0.000000000000000000e+00	0.000000000000000000e+00	0.000000000000000000e+00	0.000000000000000000e+00	0.000000000000000000e+00	0.000000000000000000e+00	0.000000000000000000e+00	0.000000000000000000e+00	0.000000000000000000e+00	0.000000000000000000e+00	0.000000000000000000e+00	0.000000000000000000e+00	0.000000000000000000e+00	0.000000000000000000e+00	0.000000000000000000e+00
0.000000000000000000e+00	0.000000000000000000e+00	0.000000000000000000e+00	0.000000000000000000e+00	0.000000000000000000e+00	0.000000000000000000e+00	0.000000000000000000e+00	0.000000000000000000e+00	0.000000000000000000e+00	0.000000000000000000e+00	0.000000000000000000e+00	0.000000000000000000e+00	0.000000000000000000e+00	0.000000000000000000e+00	0.000000000000000000e+00	0.000000000000000000e+00	0.000000000000000000e+00	0.000000000000000000e+00	0.000000000000000000e+00	0.000000000000000000e+00	0.000000000000000000e+00	0.000000000000000000e+00
0.000000000000000000e+00	0.000000000000000000e+00	0.000000000000000000e+00	0.000000000000000000e+00	0.000000000000000000e+00	0.000000000000000000e+00	0.000000000000000000e+00	0.000000000000000000e+00	0.000000000000000000e+00	0.000000000000000000e+00	0.000000000000000000e+00	0.000000000000000000e+00	0.000000000000000000e+00	0.000000000000000000e+00	0.000000000000000000e+00	0.000000000000000000e+00	0.000000000000000000e+00	0.000000000000000000e+00	0.000000000000000000e+00	0.000000000000000000e+00	0.000000000000000000e+00	0.000000000000000000e+00
0.000000000000000000e+00	0.000000000000000000e+00	0.000000000000000000e+00	0.000000000000000000e+00	0.000000000000000000e+00	0.000000000000000000e+00	0.000000000000000000e+00	0.000000000000000000e+00	0.000000000000000000e+00	0.000000000000000000e+00	0.000000000000000000e+00	0.000000000000000000e+00	0.000000000000000000e+00	0.000000000000000000e+00	0.000000000000000000e+00	0.000000000000000000e+00	0.000000000000000000e+00	0.000000000000000000e+00	0.000000000000000000e+00	0.000000000000000000e+00	0.000000000000000000e+00	0.000000000000000000e+00
0.000000000000000000e+00	0.000000000000000000e+00	0.000000000000000000e+00	0.000000000000000000e+00	0.000000000000000000e+00	0.000000000000000000e+00	0.000000000000000000e+00	0.000000000000000000e+00	0.000000000000000000e+00	0.000000000000000000e+00	0.000000000000000000e+00	0.000000000000000000e+00	0.000000000000000000e+00	0.000000000000000000e+00	0.000000000000000000e+00	0.000000000000000000e+00	0.000000000000000000e+00	0.000000000000000000e+00	0.000000000000000000e+00	0.000000000000000000e+00	0.000000000000000000e+00	0.000000000000000000e+00
0.000000000000000000e+00	0.000000000000000000e+00	0.000000000000000000e+00	0.000000000000000000e+00	0.000000000000000000e+00	0.000000000000000000e+00	0.000000000000000000e+00	0.000000000000000000e+00	0.000000000000000000e+00	0.000000000000000000e+00	0.000000000000000000e+00	0.000000000000000000e+00	0.000000000000000000e+00	0.000000000000000000e+00	0.000000000000000000e+00	0.000000000000000000e+00	0.000000000000000000e+00	0.000000000000000000e+00	0.000000000000000000e+00	0.000000000000000000e+00	0.000000000000000000e+00	0.000000000000000000e+00
0.000000000000000000e+00	0.000000000000000000e+00	0.000000000000000000e+00	0.000000000000000000e+00	0.000000000000000000e+00	0.000000000000000000e+00	0.000000000000000000e+00	0.000000000000000000e+00	0.000000000000000000e+00	0.000000000000000000e+00	0.000000000000000000e+00	0.000000000000000000e+00	0.000000000000000000e+00	0.000000000000000000e+00	0.000000000000000000e+00	0.000000000000000000e+00	0.000000000000000000e+00	0.000000000000000000e+00	0.000000000000000000e+00	0.000000000000000000e+00	0.000000000000000000e+00	0.000000000000000000e+00
1.387206278740780770e-34	-8.533136546611785889e-02	5.887877863769839919e-35	-5.595672812235088545e-35	5.693715531378984451e-03	0.000000000000000000e+00	0.000000000000000000e+00	0.000000000000000000e+00	-5.024028941988945007e-03	0.000000000000000000e+00	0.000000000000000000e+00	-4.582044837081621409e-35	0.000000000000000000e+00	-8.663748949766159058e-02	3.349140386793942176e-35	-1.653935760259628296e-02	0.000000000000000000e+00	4.995406046509742737e-02	-5.151367187500000000e-02	0.000000000000000000e+00	-7.620193995535373688e-03	-1.441762000322341919e-01
9.857864373719893351e-35	5.012536048889160156e-01	0.000000000000000000e+00	-2.454586602944851939e-35	-6.318774819374084473e-01	0.000000000000000000e+00	6.026433061477026395e-34	-7.782288603137581016e-35	-3.410363793373107910e-01	0.000000000000000000e+00	0.000000000000000000e+00	0.000000000000000000e+00	0.000000000000000000e+00	1.692794449627399445e-02	-3.294093903410916750e-35	9.835419058799743652e-02	5.060923327684870532e-35	-8.185634762048721313e-02	2.393709421157836914e-01	0.000000000000000000e+00	-1.590285636484622955e-02	-1.309781819581985474e-01
0.000000000000000000e+00	-1.307332422584295273e-02	0.000000000000000000e+00	0.000000000000000000e+00	-4.276753664016723633e-01	0.000000000000000000e+00	-3.038703406398500103e-35	0.000000000000000000e+00	-5.065616220235824585e-02	0.000000000000000000e+00	0.000000000000000000e+00	0.000000000000000000e+00	0.000000000000000000e+00	-9.891839325428009033e-02	0.000000000000000000e+00	-2.190431207418441772e-01	0.000000000000000000e+00	-3.076337091624736786e-02	-8.799681067466735840e-02	0.000000000000000000e+00	9.706033160910010338e-04	-1.010745018720626831e-01
-2.159017502391463150e-35	-1.682761870324611664e-02	1.185514292219345534e-34	0.000000000000000000e+00	1.325181033462285995e-02	0.000000000000000000e+00	0.000000000000000000e+00	-1.151859223147956297e-34	-1.624142518267035484e-03	0.000000000000000000e+00	0.000000000000000000e+00	0.000000000000000000e+00	0.000000000000000000e+00	-5.822365358471870422e-02	-8.433068219280464013e-35	3.526565432548522949e-02	0.000000000000000000e+00	-3.043503314256668091e-02	-4.353666305541992188e-02	-5.247909007440305450e-35	-5.082506220787763596e-03	9.409453719854354858e-03
0.000000000000000000e+00	5.365760624408721924e-02	0.000000000000000000e+00	0.000000000000000000e+00	1.293996721506118774e-02	0.000000000000000000e+00	0.000000000000000000e+00	0.000000000000000000e+00	-5.542746558785438538e-02	0.000000000000000000e+00	0.000000000000000000e+00	0.000000000000000000e+00	0.000000000000000000e+00	4.789542406797409058e-03	0.000000000000000000e+00	7.079638540744781494e-03	0.000000000000000000e+00	-4.305215179920196533e-02	-8.469235897064208984e-02	0.000000000000000000e+00	5.912282504141330719e-03	1.573847532272338867e-01
0.000000000000000000e+00	-2.044346183538436890e-02	0.000000000000000000e+00	0.000000000000000000e+00	1.533539295196533203e-01	0.000000000000000000e+00	-1.081418986913002891e-33	0.000000000000000000e+00	-5.504449456930160522e-02	0.000000000000000000e+00	0.000000000000000000e+00	0.000000000000000000e+00	0.000000000000000000e+00	-2.768175676465034485e-02	0.000000000000000000e+00	-1.749854981899261475e-01	0.000000000000000000e+00	4.120813310146331787e-02	3.228079003747552633e-04	0.000000000000000000e+00	3.997365478426218033e-03	-5.209821462631225586e-02
0.000000000000000000e+00	-1.689571718088700436e-06	4.725915243717692021e-34	0.000000000000000000e+00	-8.293575048446655273e-02	0.000000000000000000e+00	-3.819160942012457355e-34	0.000000000000000000e+00	-2.860071435861755162e-05	0.000000000000000000e+00	0.000000000000000000e+00	0.000000000000000000e+00	0.000000000000000000e+00	3.992735873907804489e-03	0.000000000000000000e+00	-2.164682932198047638e-02	0.000000000000000000e+00	-2.049720251307007857e-06	-1.871763844974339008e-03	0.000000000000000000e+00	-1.505350155639462173e-07	9.962931471818592399e-06
0.000000000000000000e+00	-1.176919043064117432e-01	0.000000000000000000e+00	0.000000000000000000e+00	-1.120974123477935791e-02	0.000000000000000000e+00	-3.539802184063396384e-34	-9.335265299283228562e-35	3.875525295734405518e-02	0.000000000000000000e+00	0.000000000000000000e+00	0.000000000000000000e+00	0.000000000000000000e+00	2.269521802663803101e-01	0.000000000000000000e+00	-3.713294565677642822e-01	0.000000000000000000e+00	7.207182701677083969e-03	-1.774004697799682617e-01	0.000000000000000000e+00	1.280961465090513229e-02	8.913751691579818726e-02
0.000000000000000000e+00	0.000000000000000000e+00	0.000000000000000000e+00	0.000000000000000000e+00	0.000000000000000000e+00	0.000000000000000000e+00	0.000000000000000000e+00	0.000000000000000000e+00	0.000000000000000000e+00	0.000000000000000000e+00	0.000000000000000000e+00	0.000000000000000000e+00	0.000000000000000000e+00	0.000000000000000000e+00	0.000000000000000000e+00	0.000000000000000000e+00	0.000000000000000000e+00	0.000000000000000000e+00	0.000000000000000000e+00	0.000000000000000000e+00	0.000000000000000000e+00	0.000000000000000000e+00
0.000000000000000000e+00	0.000000000000000000e+00	0.000000000000000000e+00	0.000000000000000000e+00	0.000000000000000000e+00	0.000000000000000000e+00	0.000000000000000000e+00	0.000000000000000000e+00	0.000000000000000000e+00	0.000000000000000000e+00	0.000000000000000000e+00	0.000000000000000000e+00	0.000000000000000000e+00	0.000000000000000000e+00	0.000000000000000000e+00	0.000000000000000000e+00	0.000000000000000000e+00	0.000000000000000000e+00	0.000000000000000000e+00	0.000000000000000000e+00	0.000000000000000000e+00	0.000000000000000000e+00
0.000000000000000000e+00	0.000000000000000000e+00	0.000000000000000000e+00	0.000000000000000000e+00	0.000000000000000000e+00	0.000000000000000000e+00	0.000000000000000000e+00	0.000000000000000000e+00	0.000000000000000000e+00	0.000000000000000000e+00	0.000000000000000000e+00	0.000000000000000000e+00	0.000000000000000000e+00	0.000000000000000000e+00	0.000000000000000000e+00	0.000000000000000000e+00	0.000000000000000000e+00	0.000000000000000000e+00	0.000000000000000000e+00	0.000000000000000000e+00	0.000000000000000000e+00	0.000000000000000000e+00
0.000000000000000000e+00	0.000000000000000000e+00	0.000000000000000000e+00	0.000000000000000000e+00	0.000000000000000000e+00	0.000000000000000000e+00	0.000000000000000000e+00	0.000000000000000000e+00	0.000000000000000000e+00	0.000000000000000000e+00	0.000000000000000000e+00	0.000000000000000000e+00	0.000000000000000000e+00	0.000000000000000000e+00	0.000000000000000000e+00	0.000000000000000000e+00	0.000000000000000000e+00	0.000000000000000000e+00	0.000000000000000000e+00	0.000000000000000000e+00	0.000000000000000000e+00	0.000000000000000000e+00
0.000000000000000000e+00	0.000000000000000000e+00	0.000000000000000000e+00	0.000000000000000000e+00	0.000000000000000000e+00	0.000000000000000000e+00	0.000000000000000000e+00	0.000000000000000000e+00	0.000000000000000000e+00	0.000000000000000000e+00	0.000000000000000000e+00	0.000000000000000000e+00	0.000000000000000000e+00	0.000000000000000000e+00	0.000000000000000000e+00	0.000000000000000000e+00	0.000000000000000000e+00	0.000000000000000000e+00	0.000000000000000000e+00	0.000000000000000000e+00	0.000000000000000000e+00	0.000000000000000000e+00
0.000000000000000000e+00	-1.455744222766952589e-05	0.000000000000000000e+00	0.000000000000000000e+00	1.602594107389450073e-01	0.000000000000000000e+00	-5.643564449509629974e-34	0.000000000000000000e+00	4.010869815829209983e-05	0.000000000000000000e+00	0.000000000000000000e+00	0.000000000000000000e+00	0.000000000000000000e+00	-2.103192498907446861e-03	0.000000000000000000e+00	2.136514894664287567e-02	0.000000000000000000e+00	-1.229097688337787986e-05	6.765449070371687412e-04	0.000000000000000000e+00	-1.511390337327611633e-06	1.792176408343948424e-05
0.000000000000000000e+00	0.000000000000000000e+00	0.000000000000000000e+00	0.000000000000000000e+00	0.000000000000000000e+00	0.000000000000000000e+00	0.000000000000000000e+00	0.000000000000000000e+00	0.000000000000000000e+00	0.000000000000000000e+00	0.000000000000000000e+00	0.000000000000000000e+00	0.000000000000000000e+00	0.000000000000000000e+00	0.000000000000000000e+00	0.000000000000000000e+00	0.000000000000000000e+00	0.000000000000000000e+00	0.000000000000000000e+00	0.000000000000000000e+00	0.000000000000000000e+00	0.000000000000000000e+00
3.369300172307729506e-34	-4.059120640158653259e-02	2.653543957979442592e-34	-1.825001586165901537e-34	-9.863504767417907715e-02	0.000000000000000000e+00	6.968367705050464334e-34	0.000000000000000000e+00	2.065802365541458130e-02	0.000000000000000000e+00	0.000000000000000000e+00	0.000000000000000000e+00	0.000000000000000000e+00	-7.854461669921875000e-02	-5.573948551647064736e-34	7.529675960540771484e-02	3.338860263956831541e-35	2.722337376326322556e-03	-7.169555872678756714e-03	-6.900223011836350115e-35	6.868000142276287079e-03	9.204906225204467773e-02
8.033293955208453583e-35	2.505397796630859375e-02	2.198745538029410148e-35	7.778524495738805351e-35	-2.029310762882232666e-01	0.000000000000000000e+00	-4.815891071078483911e-34	0.000000000000000000e+00	-3.411772102117538452e-02	0.000000000000000000e+00	0.000000000000000000e+00	1.311537503326442331e-34	0.000000000000000000e+00	1.106842532753944397e-01	0.000000000000000000e+00	4.066387563943862915e-02	2.631265183186179813e-35	1.379073970019817352e-02	-7.285916060209274292e-02	1.046016288349727081e-34	2.805341035127639771e-02	-1.809413544833660126e-02
0.000000000000000000e+00	4.932619049213826656e-04	0.000000000000000000e+00	0.000000000000000000e+00	6.046420312486588955e-04	0.000000000000000000e+00	-7.499725589933197534e-34	0.000000000000000000e+00	3.966940857935696840e-04	0.000000000000000000e+00	0.000000000000000000e+00	0.000000000000000000e+00	0.000000000000000000e+00	1.874206500360742211e-04	0.000000000000000000e+00	-3.481920575723052025e-04	0.000000000000000000e+00	-3.449883952271193266e-04	4.054939490742981434e-04	0.000000000000000000e+00	-4.181679105386137962e-05	-3.677279746625572443e-04
0.000000000000000000e+00	-3.962591290473937988e-01	0.000000000000000000e+00	0.000000000000000000e+00	-1.521427333354949951e-01	0.000000000000000000e+00	4.077597966815545164e-34	0.000000000000000000e+00	3.828120231628417969e-02	0.000000000000000000e+00	0.000000000000000000e+00	0.000000000000000000e+00	0.000000000000000000e+00	7.937120646238327026e-02	1.306795118304843665e-34	2.109959721565246582e-01	2.570231886411429841e-35	1.926764147356152534e-03	-5.864002704620361328e-01	0.000000000000000000e+00	-4.475904628634452820e-02	-1.565666496753692627e-02
0.000000000000000000e+00	0.000000000000000000e+00	0.000000000000000000e+00	0.000000000000000000e+00	0.000000000000000000e+00	0.000000000000000000e+00	0.000000000000000000e+00	0.000000000000000000e+00	0.000000000000000000e+00	0.000000000000000000e+00	0.000000000000000000e+00	0.000000000000000000e+00	0.000000000000000000e+00	0.000000000000000000e+00	0.000000000000000000e+00	0.000000000000000000e+00	0.000000000000000000e+00	0.000000000000000000e+00	0.000000000000000000e+00	0.000000000000000000e+00	0.000000000000000000e+00	0.000000000000000000e+00
0.000000000000000000e+00	0.000000000000000000e+00	0.000000000000000000e+00	0.000000000000000000e+00	0.000000000000000000e+00	0.000000000000000000e+00	0.000000000000000000e+00	0.000000000000000000e+00	0.000000000000000000e+00	0.000000000000000000e+00	0.000000000000000000e+00	0.000000000000000000e+00	0.000000000000000000e+00	0.000000000000000000e+00	0.000000000000000000e+00	0.000000000000000000e+00	0.000000000000000000e+00	0.000000000000000000e+00	0.000000000000000000e+00	0.000000000000000000e+00	0.000000000000000000e+00	0.000000000000000000e+00
0.000000000000000000e+00	0.000000000000000000e+00	0.000000000000000000e+00	0.000000000000000000e+00	0.000000000000000000e+00	0.000000000000000000e+00	0.000000000000000000e+00	0.000000000000000000e+00	0.000000000000000000e+00	0.000000000000000000e+00	0.000000000000000000e+00	0.000000000000000000e+00	0.000000000000000000e+00	0.000000000000000000e+00	0.000000000000000000e+00	0.000000000000000000e+00	0.000000000000000000e+00	0.000000000000000000e+00	0.000000000000000000e+00	0.000000000000000000e+00	0.000000000000000000e+00	0.000000000000000000e+00
0.000000000000000000e+00	0.000000000000000000e+00	0.000000000000000000e+00	0.000000000000000000e+00	0.000000000000000000e+00	0.000000000000000000e+00	0.000000000000000000e+00	0.000000000000000000e+00	0.000000000000000000e+00	0.000000000000000000e+00	0.000000000000000000e+00	0.000000000000000000e+00	0.000000000000000000e+00	0.000000000000000000e+00	0.000000000000000000e+00	0.000000000000000000e+00	0.000000000000000000e+00	0.000000000000000000e+00	0.000000000000000000e+00	0.000000000000000000e+00	0.000000000000000000e+00	0.000000000000000000e+00
1.091048397862649059e-34	-2.557554168447495613e-08	7.236306489463538703e-35	0.000000000000000000e+00	1.508169361841282807e-06	0.000000000000000000e+00	3.316386396131418130e-34	0.000000000000000000e+00	-3.029928193427622318e-04	0.000000000000000000e+00	0.000000000000000000e+00	-6.226237713758044714e-35	0.000000000000000000e+00	-2.230753359810933034e-10	-9.816305367877296403e-35	-8.947326435304603365e-09	7.308024272244419964e-35	7.606248982483521104e-05	8.424677844232064672e-08	0.000000000000000000e+00	-1.879646879388019443e-04	3.495665978903161886e-08
0.000000000000000000e+00	0.000000000000000000e+00	0.000000000000000000e+00	0.000000000000000000e+00	0.000000000000000000e+00	0.000000000000000000e+00	0.000000000000000000e+00	0.000000000000000000e+00	0.000000000000000000e+00	0.000000000000000000e+00	0.000000000000000000e+00	0.000000000000000000e+00	0.000000000000000000e+00	0.000000000000000000e+00	0.000000000000000000e+00	0.000000000000000000e+00	0.000000000000000000e+00	0.000000000000000000e+00	0.000000000000000000e+00	0.000000000000000000e+00	0.000000000000000000e+00	0.000000000000000000e+00
0.000000000000000000e+00	0.000000000000000000e+00	0.000000000000000000e+00	0.000000000000000000e+00	0.000000000000000000e+00	0.000000000000000000e+00	0.000000000000000000e+00	0.000000000000000000e+00	0.000000000000000000e+00	0.000000000000000000e+00	0.000000000000000000e+00	0.000000000000000000e+00	0.000000000000000000e+00	0.000000000000000000e+00	0.000000000000000000e+00	0.000000000000000000e+00	0.000000000000000000e+00	0.000000000000000000e+00	0.000000000000000000e+00	0.000000000000000000e+00	0.000000000000000000e+00	0.000000000000000000e+00
0.000000000000000000e+00	0.000000000000000000e+00	0.000000000000000000e+00	0.000000000000000000e+00	0.000000000000000000e+00	0.000000000000000000e+00	0.000000000000000000e+00	0.000000000000000000e+00	0.000000000000000000e+00	0.000000000000000000e+00	0.000000000000000000e+00	0.000000000000000000e+00	0.000000000000000000e+00	0.000000000000000000e+00	0.000000000000000000e+00	0.000000000000000000e+00	0.000000000000000000e+00	0.000000000000000000e+00	0.000000000000000000e+00	0.000000000000000000e+00	0.000000000000000000e+00	0.000000000000000000e+00
0.000000000000000000e+00	0.000000000000000000e+00	0.000000000000000000e+00	0.000000000000000000e+00	0.000000000000000000e+00	0.000000000000000000e+00	0.000000000000000000e+00	0.000000000000000000e+00	0.000000000000000000e+00	0.000000000000000000e+00	0.000000000000000000e+00	0.000000000000000000e+00	0.000000000000000000e+00	0.000000000000000000e+00	0.000000000000000000e+00	0.000000000000000000e+00	0.000000000000000000e+00	0.000000000000000000e+00	0.000000000000000000e+00	0.000000000000000000e+00	0.000000000000000000e+00	0.000000000000000000e+00
0.000000000000000000e+00	0.000000000000000000e+00	0.000000000000000000e+00	0.000000000000000000e+00	0.000000000000000000e+00	0.000000000000000000e+00	0.000000000000000000e+00	0.000000000000000000e+00	0.000000000000000000e+00	0.000000000000000000e+00	0.000000000000000000e+00	0.000000000000000000e+00	0.000000000000000000e+00	0.000000000000000000e+00	0.000000000000000000e+00	0.000000000000000000e+00	0.000000000000000000e+00	0.000000000000000000e+00	0.000000000000000000e+00	0.000000000000000000e+00	0.000000000000000000e+00	0.000000000000000000e+00
0.000000000000000000e+00	0.000000000000000000e+00	0.000000000000000000e+00	0.000000000000000000e+00	0.000000000000000000e+00	0.000000000000000000e+00	0.000000000000000000e+00	0.000000000000000000e+00	0.000000000000000000e+00	0.000000000000000000e+00	0.000000000000000000e+00	0.000000000000000000e+00	0.000000000000000000e+00	0.000000000000000000e+00	0.000000000000000000e+00	0.000000000000000000e+00	0.000000000000000000e+00	0.000000000000000000e+00	0.000000000000000000e+00	0.000000000000000000e+00	0.000000000000000000e+00	0.000000000000000000e+00
1.820033056235013817e-34	-8.400676250457763672e-01	-4.105128411853787769e-34	0.000000000000000000e+00	3.498873859643936157e-02	0.000000000000000000e+00	6.918243891247432730e-34	0.000000000000000000e+00	6.980243138968944550e-03	0.000000000000000000e+00	0.000000000000000000e+00	0.000000000000000000e+00	0.000000000000000000e+00	1.190881431102752686e-01	0.000000000000000000e+00	1.203520316630601883e-02	0.000000000000000000e+00	7.220797985792160034e-02	-1.272340893745422363e+00	0.000000000000000000e+00	-7.238861918449401855e-02	-1.645424216985702515e-02
0.000000000000000000e+00	1.074535489082336426e+00	0.000000000000000000e+00	0.000000000000000000e+00	-4.722606539726257324e-01	0.000000000000000000e+00	-1.923358550494812099e-34	0.000000000000000000e+00	-5.596115067601203918e-02	0.000000000000000000e+00	0.000000000000000000e+00	0.000000000000000000e+00	0.000000000000000000e+00	-1.242933645844459534e-01	0.000000000000000000e+00	7.254084199666976929e-02	0.000000000000000000e+00	1.146259978413581848e-01	1.483399510383605957e+00	0.000000000000000000e+00	2.026567794382572174e-02	-2.315645292401313782e-02
0.000000000000000000e+00	0.000000000000000000e+00	0.000000000000000000e+00	0.000000000000000000e+00	0.000000000000000000e+00	0.000000000000000000e+00	0.000000000000000000e+00	0.000000000000000000e+00	0.000000000000000000e+00	0.000000000000000000e+00	0.000000000000000000e+00	0.000000000000000000e+00	0.000000000000000000e+00	0.000000000000000000e+00	0.000000000000000000e+00	0.000000000000000000e+00	0.000000000000000000e+00	0.000000000000000000e+00	0.000000000000000000e+00	0.000000000000000000e+00	0.000000000000000000e+00	0.000000000000000000e+00
9.078818120093144029e-35	-1.706536277197301388e-03	0.000000000000000000e+00	0.000000000000000000e+00	-2.573826350271701813e-03	0.000000000000000000e+00	-4.722815795722359818e-34	0.000000000000000000e+00	1.118126783694606274e-05	0.000000000000000000e+00	0.000000000000000000e+00	0.000000000000000000e+00	0.000000000000000000e+00	-3.407888289075344801e-05	0.000000000000000000e+00	-2.884147761506028473e-05	3.200826347484711863e-35	1.112599566113203764e-04	-2.519049448892474174e-03	0.000000000000000000e+00	-5.032956687500700355e-05	-1.816434960346668959e-04
0.000000000000000000e+00	0.000000000000000000e+00	0.000000000000000000e+00	0.000000000000000000e+00	0.000000000000000000e+00	0.000000000000000000e+00	0.000000000000000000e+00	0.000000000000000000e+00	0.000000000000000000e+00	0.000000000000000000e+00	0.000000000000000000e+00	0.000000000000000000e+00	0.000000000000000000e+00	0.000000000000000000e+00	0.000000000000000000e+00	0.000000000000000000e+00	0.000000000000000000e+00	0.000000000000000000e+00	0.000000000000000000e+00	0.000000000000000000e+00	0.000000000000000000e+00	0.000000000000000000e+00
0.000000000000000000e+00	0.000000000000000000e+00	0.000000000000000000e+00	0.000000000000000000e+00	0.000000000000000000e+00	0.000000000000000000e+00	0.000000000000000000e+00	0.000000000000000000e+00	0.000000000000000000e+00	0.000000000000000000e+00	0.000000000000000000e+00	0.000000000000000000e+00	0.000000000000000000e+00	0.000000000000000000e+00	0.000000000000000000e+00	0.000000000000000000e+00	0.000000000000000000e+00	0.000000000000000000e+00	0.000000000000000000e+00	0.000000000000000000e+00	0.000000000000000000e+00	0.000000000000000000e+00
0.000000000000000000e+00	0.000000000000000000e+00	0.000000000000000000e+00	0.000000000000000000e+00	0.000000000000000000e+00	0.000000000000000000e+00	0.000000000000000000e+00	0.000000000000000000e+00	0.000000000000000000e+00	0.000000000000000000e+00	0.000000000000000000e+00	0.000000000000000000e+00	0.000000000000000000e+00	0.000000000000000000e+00	0.000000000000000000e+00	0.000000000000000000e+00	0.000000000000000000e+00	0.000000000000000000e+00	0.000000000000000000e+00	0.000000000000000000e+00	0.000000000000000000e+00	0.000000000000000000e+00
0.000000000000000000e+00	-1.794144809246063232e-01	0.000000000000000000e+00	0.000000000000000000e+00	-2.821656763553619385e-01	0.000000000000000000e+00	5.736073559031940051e-34	0.000000000000000000e+00	3.536830842494964600e-02	0.000000000000000000e+00	0.000000000000000000e+00	0.000000000000000000e+00	0.000000000000000000e+00	3.351697325706481934e-02	0.000000000000000000e+00	-1.171213667839765549e-02	0.000000000000000000e+00	4.331238567829132080e-03	-3.147094249725341797e-01	0.000000000000000000e+00	-2.955342829227447510e-02	-2.892705984413623810e-02
0.000000000000000000e+00	0.000000000000000000e+00	0.000000000000000000e+00	0.000000000000000000e+00	0.000000000000000000e+00	0.000000000000000000e+00	0.000000000000000000e+00	0.000000000000000000e+00	0.000000000000000000e+00	0.000000000000000000e+00	0.000000000000000000e+00	0.000000000000000000e+00	0.000000000000000000e+00	0.000000000000000000e+00	0.000000000000000000e+00	0.000000000000000000e+00	0.000000000000000000e+00	0.000000000000000000e+00	0.000000000000000000e+00	0.000000000000000000e+00	0.000000000000000000e+00	0.000000000000000000e+00
0.000000000000000000e+00	0.000000000000000000e+00	0.000000000000000000e+00	0.000000000000000000e+00	0.000000000000000000e+00	0.000000000000000000e+00	0.000000000000000000e+00	0.000000000000000000e+00	0.000000000000000000e+00	0.000000000000000000e+00	0.000000000000000000e+00	0.000000000000000000e+00	0.000000000000000000e+00	0.000000000000000000e+00	0.000000000000000000e+00	0.000000000000000000e+00	0.000000000000000000e+00	0.000000000000000000e+00	0.000000000000000000e+00	0.000000000000000000e+00	0.000000000000000000e+00	0.000000000000000000e+00
0.000000000000000000e+00	0.000000000000000000e+00	0.000000000000000000e+00	0.000000000000000000e+00	0.000000000000000000e+00	0.000000000000000000e+00	0.000000000000000000e+00	0.000000000000000000e+00	0.000000000000000000e+00	0.000000000000000000e+00	0.000000000000000000e+00	0.000000000000000000e+00	0.000000000000000000e+00	0.000000000000000000e+00	0.000000000000000000e+00	0.000000000000000000e+00	0.000000000000000000e+00	0.000000000000000000e+00	0.000000000000000000e+00	0.000000000000000000e+00	0.000000000000000000e+00	0.000000000000000000e+00
0.000000000000000000e+00	0.000000000000000000e+00	0.000000000000000000e+00	0.000000000000000000e+00	0.000000000000000000e+00	0.000000000000000000e+00	0.000000000000000000e+00	0.000000000000000000e+00	0.000000000000000000e+00	0.000000000000000000e+00	0.000000000000000000e+00	0.000000000000000000e+00	0.000000000000000000e+00	0.000000000000000000e+00	0.000000000000000000e+00	0.000000000000000000e+00	0.000000000000000000e+00	0.000000000000000000e+00	0.000000000000000000e+00	0.000000000000000000e+00	0.000000000000000000e+00	0.000000000000000000e+00
0.000000000000000000e+00	0.000000000000000000e+00	0.000000000000000000e+00	0.000000000000000000e+00	0.000000000000000000e+00	0.000000000000000000e+00	0.000000000000000000e+00	0.000000000000000000e+00	0.000000000000000000e+00	0.000000000000000000e+00	0.000000000000000000e+00	0.000000000000000000e+00	0.000000000000000000e+00	0.000000000000000000e+00	0.000000000000000000e+00	0.000000000000000000e+00	0.000000000000000000e+00	0.000000000000000000e+00	0.000000000000000000e+00	0.000000000000000000e+00	0.000000000000000000e+00	0.000000000000000000e+00
0.000000000000000000e+00	0.000000000000000000e+00	0.000000000000000000e+00	0.000000000000000000e+00	0.000000000000000000e+00	0.000000000000000000e+00	0.000000000000000000e+00	0.000000000000000000e+00	0.000000000000000000e+00	0.000000000000000000e+00	0.000000000000000000e+00	0.000000000000000000e+00	0.000000000000000000e+00	0.000000000000000000e+00	0.000000000000000000e+00	0.000000000000000000e+00	0.000000000000000000e+00	0.000000000000000000e+00	0.000000000000000000e+00	0.000000000000000000e+00	0.000000000000000000e+00	0.000000000000000000e+00
0.000000000000000000e+00	0.000000000000000000e+00	0.000000000000000000e+00	0.000000000000000000e+00	0.000000000000000000e+00	0.000000000000000000e+00	0.000000000000000000e+00	0.000000000000000000e+00	0.000000000000000000e+00	0.000000000000000000e+00	0.000000000000000000e+00	0.000000000000000000e+00	0.000000000000000000e+00	0.000000000000000000e+00	0.000000000000000000e+00	0.000000000000000000e+00	0.000000000000000000e+00	0.000000000000000000e+00	0.000000000000000000e+00	0.000000000000000000e+00	0.000000000000000000e+00	0.000000000000000000e+00
0.000000000000000000e+00	7.767257839441299438e-02	-5.271409136935284414e-35	-4.659476509639082687e-35	-9.401942044496536255e-02	2.795987642785513712e-35	6.929865673286226518e-34	9.277146057595941849e-35	8.554899692535400391e-02	0.000000000000000000e+00	2.140520398535616251e-35	1.366525613772222334e-34	-8.425470553888943202e-35	-2.658431231975555420e-02	-1.055909955939567869e-34	-8.697253651916980743e-03	0.000000000000000000e+00	-1.616819947957992554e-01	2.692171335220336914e-01	-8.977996520636093377e-35	4.149231687188148499e-02	-1.005818098783493042e-01
9.826945658050901660e-35	-6.982515007257461548e-02	1.246136051176937508e-34	-1.081278363809510967e-34	-5.966062843799591064e-02	1.336060450659880922e-34	-7.913560212850107011e-34	-3.555643405370354177e-35	-9.456515312194824219e-02	0.000000000000000000e+00	0.000000000000000000e+00	7.910478328393415023e-35	3.376202585596149224e-35	2.880989760160446167e-02	-9.009974788342007892e-35	-6.931461393833160400e-02	-4.668842582303495815e-35	-1.142705790698528290e-02	-7.484893500804901123e-02	-2.203477648954876139e-35	-2.104161074385046959e-03	7.277143001556396484e-02
6.141372531758445035e-35	-1.808525174856185913e-01	0.000000000000000000e+00	0.000000000000000000e+00	1.983196102082729340e-02	-2.650071887458449339e-34	-1.166379218651126090e-33	0.000000000000000000e+00	9.798041731119155884e-02	-1.072806080111455487e-34	-6.889470223179951319e-35	0.000000000000000000e+00	0.000000000000000000e+00	1.008766442537307739e-01	4.933655401221722361e-35	-2.511356957256793976e-02	3.301182455770611697e-35	-1.733446866273880005e-02	3.435026109218597412e-02	0.000000000000000000e+00	-1.167380018159747124e-03	-6.241840124130249023e-02
0.000000000000000000e+00	7.901930520505529021e-13	0.000000000000000000e+00	0.000000000000000000e+00	-7.522996982312069036e-13	0.000000000000000000e+00	-4.439716807603524260e-34	0.000000000000000000e+00	1.878511452294007178e-13	0.000000000000000000e+00	0.000000000000000000e+00	0.000000000000000000e+00	1.603407699683327630e-34	-8.372820665958347064e-12	0.000000000000000000e+00	2.505598593188773648e-12	0.000000000000000000e+00	1.261586592572055965e-13	-6.316605224987448253e-13	0.000000000000000000e+00	2.142308276305640580e-14	-2.144080540281839697e-13
0.000000000000000000e+00	1.126716379076242447e-02	0.000000000000000000e+00	0.000000000000000000e+00	-1.968903094530105591e-02	0.000000000000000000e+00	4.305306375426688322e-34	0.000000000000000000e+00	-3.436647355556488037e-02	0.000000000000000000e+00	0.000000000000000000e+00	0.000000000000000000e+00	0.000000000000000000e+00	-1.027657417580485344e-03	0.000000000000000000e+00	-4.711047559976577759e-02	0.000000000000000000e+00	5.928027909249067307e-03	1.005141660571098328e-01	0.000000000000000000e+00	-8.052407763898372650e-03	3.532053902745246887e-02
0.000000000000000000e+00	1.899308264255523682e-01	0.000000000000000000e+00	0.000000000000000000e+00	1.049371659755706787e-01	0.000000000000000000e+00	-1.183130747834312951e-33	0.000000000000000000e+00	-3.078816235065460205e-01	0.000000000000000000e+00	0.000000000000000000e+00	0.000000000000000000e+00	0.000000000000000000e+00	1.492461562156677246e-01	0.000000000000000000e+00	-7.408429384231567383e-01	0.000000000000000000e+00	2.353906184434890747e-01	2.758561074733734131e-01	0.000000000000000000e+00	-1.406212896108627319e-01	8.757354319095611572e-02
0.000000000000000000e+00	3.776920746377108508e-34	0.000000000000000000e+00	0.000000000000000000e+00	-4.341076246078928204e-32	-1.502948506052990451e-34	-6.708541668367986908e-34	0.000000000000000000e+00	-8.904772314293984506e-33	0.000000000000000000e+00	0.000000000000000000e+00	0.000000000000000000e+00	0.000000000000000000e+00	-1.025495839712675661e-05	5.178838956808029272e-35	-3.483265587078676617e-08	0.000000000000000000e+00	-1.268383567463195511e-33	2.079402486830593710e-33	0.000000000000000000e+00	8.873446859212509072e-34	-8.499261440343644574e-32
4.876191635388263310e-35	-7.784170686150859222e-29	0.000000000000000000e+00	-5.066673377688062756e-35	-7.892267115398238560e-29	0.000000000000000000e+00	-7.979695315819543987e-35	4.713347498671285825e-35	-2.555385841083069494e-29	0.000000000000000000e+00	-8.706622055517378359e-35	-8.682941698861189338e-35	-4.498490319803751561e-35	5.273169480500601083e-30	2.567468498934850787e-35	1.560471346208113282e-29	0.000000000000000000e+00	1.206306897751691250e-29	-8.971959090402521126e-29	-5.570457080877508108e-35	1.874931505881249905e-03	-2.633524881435336094e-31
0.000000000000000000e+00	0.000000000000000000e+00	0.000000000000000000e+00	0.000000000000000000e+00	0.000000000000000000e+00	0.000000000000000000e+00	0.000000000000000000e+00	0.000000000000000000e+00	0.000000000000000000e+00	0.000000000000000000e+00	0.000000000000000000e+00	0.000000000000000000e+00	0.000000000000000000e+00	0.000000000000000000e+00	0.000000000000000000e+00	0.000000000000000000e+00	0.000000000000000000e+00	0.000000000000000000e+00	0.000000000000000000e+00	0.000000000000000000e+00	0.000000000000000000e+00	0.000000000000000000e+00
0.000000000000000000e+00	0.000000000000000000e+00	0.000000000000000000e+00	0.000000000000000000e+00	0.000000000000000000e+00	0.000000000000000000e+00	0.000000000000000000e+00	0.000000000000000000e+00	0.000000000000000000e+00	0.000000000000000000e+00	0.000000000000000000e+00	0.000000000000000000e+00	0.000000000000000000e+00	0.000000000000000000e+00	0.000000000000000000e+00	0.000000000000000000e+00	0.000000000000000000e+00	0.000000000000000000e+00	0.000000000000000000e+00	0.000000000000000000e+00	0.000000000000000000e+00	0.000000000000000000e+00
0.000000000000000000e+00	0.000000000000000000e+00	0.000000000000000000e+00	0.000000000000000000e+00	0.000000000000000000e+00	0.000000000000000000e+00	0.000000000000000000e+00	0.000000000000000000e+00	0.000000000000000000e+00	0.000000000000000000e+00	0.000000000000000000e+00	0.000000000000000000e+00	0.000000000000000000e+00	0.000000000000000000e+00	0.000000000000000000e+00	0.000000000000000000e+00	0.000000000000000000e+00	0.000000000000000000e+00	0.000000000000000000e+00	0.000000000000000000e+00	0.000000000000000000e+00	0.000000000000000000e+00
0.000000000000000000e+00	0.000000000000000000e+00	0.000000000000000000e+00	0.000000000000000000e+00	0.000000000000000000e+00	0.000000000000000000e+00	0.000000000000000000e+00	0.000000000000000000e+00	0.000000000000000000e+00	0.000000000000000000e+00	0.000000000000000000e+00	0.000000000000000000e+00	0.000000000000000000e+00	0.000000000000000000e+00	0.000000000000000000e+00	0.000000000000000000e+00	0.000000000000000000e+00	0.000000000000000000e+00	0.000000000000000000e+00	0.000000000000000000e+00	0.000000000000000000e+00	0.000000000000000000e+00
0.000000000000000000e+00	0.000000000000000000e+00	0.000000000000000000e+00	0.000000000000000000e+00	0.000000000000000000e+00	0.000000000000000000e+00	0.000000000000000000e+00	0.000000000000000000e+00	0.000000000000000000e+00	0.000000000000000000e+00	0.000000000000000000e+00	0.000000000000000000e+00	0.000000000000000000e+00	0.000000000000000000e+00	0.000000000000000000e+00	0.000000000000000000e+00	0.000000000000000000e+00	0.000000000000000000e+00	0.000000000000000000e+00	0.000000000000000000e+00	0.000000000000000000e+00	0.000000000000000000e+00
0.000000000000000000e+00	-1.566933969646109248e-34	0.000000000000000000e+00	0.000000000000000000e+00	9.659775438095846702e-34	0.000000000000000000e+00	8.769636932710477386e-34	-7.635026941217136183e-35	9.813607241000174621e-34	0.000000000000000000e+00	0.000000000000000000e+00	0.000000000000000000e+00	1.027604763696862411e-34	-2.789150547493736365e-34	-9.754927114020102977e-35	-1.098098057889721097e-33	0.000000000000000000e+00	-2.577666256811344723e-34	7.065024105579269294e-34	0.000000000000000000e+00	8.202731823152389738e-34	1.105050280455369505e-33
0.000000000000000000e+00	0.000000000000000000e+00	0.000000000000000000e+00	0.000000000000000000e+00	0.000000000000000000e+00	0.000000000000000000e+00	0.000000000000000000e+00	0.000000000000000000e+00	0.000000000000000000e+00	0.000000000000000000e+00	0.000000000000000000e+00	0.000000000000000000e+00	0.000000000000000000e+00	0.000000000000000000e+00	0.000000000000000000e+00	0.000000000000000000e+00	0.000000000000000000e+00	0.000000000000000000e+00	0.000000000000000000e+00	0.000000000000000000e+00	0.000000000000000000e+00	0.000000000000000000e+00
